0 0.5785788863109049 0.3452362804878049 0.6627102668213457 0.5574814895470384
2 0.3031960556844548 0.49443053135888504 0.006711136890951277 0.004466463414634147
1 0.32119344547563805 0.5220873257839722 0.004270591647331786 0.003435322299651568
3 0.37007395591647335 0.4821199912891986 0.007472447795823666 0.007787456445993031
4 0.4069054524361949 0.422570775261324 0.006100638051044083 0.006413327526132404
4 0.4095751160092807 0.42194141986062716 0.00716792343387471 0.0060692508710801394
3 0.41575116009280744 0.4155858013937282 0.004881090487238979 0.004352134146341463
3 0.4149883990719258 0.41197844076655055 0.005185614849187935 0.006298998257839721
3 0.42009860788863107 0.41667356271777006 0.006863399071925754 0.006986062717770035
3 0.4202508700696056 0.4128941637630662 0.006557424593967518 0.006756315331010452
4 0.3490066705336427 0.5115657665505227 0.008272911832946636 0.0053908972125435535
4 0.34722882830626445 0.5094087543554007 0.006358758700696056 0.003953614982578397
4 0.35167343387470995 0.5082284407665505 0.006495069605568445 0.005082752613240418
4 0.35057859628770305 0.5055074041811847 0.006495069605568445 0.003747822299651568
3 0.33758845707656615 0.5192410714285715 0.002392691415313225 0.003080357142857143
3 0.3386136890951276 0.5190864547038327 0.002803074245939675 0.0037989982578397214
3 0.33762180974477957 0.5159810540069687 0.0035556844547563805 0.003747822299651568
3 0.3410759860788863 0.5188817508710801 0.0030771461716937354 0.002772212543554007
3 0.34056264501160094 0.51582643728223 0.00341792343387471 0.0030291811846689894
2 0.39833671693735495 0.5316136759581882 0.004102378190255221 0.003593205574912892
2 0.4012427494199536 0.5082545731707317 0.003623839907192575 0.0034908536585365854
4 0.352655162412993 0.410831881533101 0.007228828306264501 0.004910714285714286
3 0.3523114849187935 0.40742922473867593 0.007457946635730859 0.003274172473867596
3 0.3232236078886311 0.41974956445993034 0.006196345707656612 0.003791376306620209
3 0.5153001740139211 0.36275696864111495 0.004360498839907192 0.005599956445993031
3 0.51897186774942 0.3625413763066202 0.004818735498839907 0.006203179442508711
3 0.5183976218097448 0.3601295731707317 0.0055075406032482595 0.006548344947735192
3 0.5240197215777262 0.36004355400696864 0.005736658932714618 0.006375217770034843
3 0.5299869489559165 0.35366833623693383 0.005278422273781902 0.007064459930313589
3 0.5346911252900232 0.3531935975609756 0.005049303944315546 0.00646123693379791
3 0.5377320185614849 0.3520742595818815 0.006540023201856149 0.006978440766550523
3 0.5416328306264501 0.3498344947735192 0.007917633410672854 0.005255879790940767
3 0.5153001740139211 0.3575446428571429 0.004360498839907192 0.003791376306620209
3 0.5164472157772622 0.35478767421602786 0.0066545823665893275 0.003446210801393728
3 0.5155292923433875 0.37413000871080143 0.005736658932714618 0.00801284843205575
3 0.5183410672853829 0.3720622822299652 0.005851218097447796 0.007323606271777004
3 0.5218982018561485 0.3732687282229965 0.005622099767981439 0.006634364111498258
2 0.5014167633410673 0.3688741289198606 0.009638921113689095 0.007150479094076655
2 0.48363109048723896 0.3848987369337979 0.007572505800464037 0.005082752613240418
2 0.5283236658932715 0.40303462543554003 0.005622099767981439 0.003791376306620209
4 0.5604509860788863 0.37201872822299653 0.006769141531322506 0.005513937282229965
4 0.5650406032482599 0.3737848432055749 0.0051638631090487235 0.006634364111498258
3 0.5691139791183295 0.3752929006968641 0.005049303944315546 0.005859102787456446
4 0.5687122969837587 0.37214830139372823 0.007457946635730859 0.00646123693379791
4 0.5731859048723899 0.37232033972125433 0.005392981438515081 0.0057719947735191636
3 0.5640066705336426 0.3626284843205575 0.005851218097447796 0.008098867595818815
3 0.5636629930394431 0.36034516550522644 0.004245939675174014 0.006289198606271777
3 0.5679089327146172 0.3614220383275262 0.002639211136890951 0.0036182491289198605
3 0.5698593387470998 0.3615080574912892 0.004245939675174014 0.0048246951219512195
3 0.5707192575406033 0.3619392421602788 0.004131380510440835 0.004307491289198606
3 0.5733584686774942 0.36034516550522644 0.004818735498839907 0.004910714285714286
3 0.5717517401392112 0.3575446428571429 0.003900812064965197 0.004135452961672474
2 0.5318227958236659 0.3441909843205575 0.0066545823665893275 0.006031141114982578
2 0.49223752900232015 0.24959168118466898 0.0091792343387471 0.006375217770034843
3 0.49441705336426917 0.2433885017421603 0.003442575406032482 0.003274172473867596
3 0.49355713457076567 0.24132077526132403 0.006769141531322506 0.003274172473867596
3 0.49539298143851507 0.24157992160278746 0.004015371229698376 0.003446210801393728
3 0.4971142691415313 0.24351807491289196 0.002868329466357309 0.0031881533101045297
3 0.49912122969837586 0.2433885017421603 0.0032134570765661253 0.002929006968641115
3 0.498032192575406 0.24136432926829268 0.0037862529002320186 0.0026709494773519164
3 0.5000971577726219 0.24132077526132403 0.004245939675174014 0.002929006968641115
2 0.5883323665893271 0.2524357578397212 0.007228828306264501 0.0048246951219512195
2 0.5463950116009281 0.2648845818815331 0.00734338747099768 0.005255879790940767
1 0.5411165893271461 0.20181946864111497 0.00458961716937355 0.005255879790940767
2 0.5475420533642691 0.20367160278745644 0.004131380510440835 0.0048246951219512195
2 0.6069199535962877 0.2743619337979094 0.005851218097447796 0.00422147212543554
3 0.5978335266821345 0.24440439895470384 0.002820475638051044 0.003177264808362369
3 0.6003581786542923 0.24323388501742163 0.0037122969837587007 0.00351154181184669
3 0.6021026682134571 0.24323388501742163 0.002449245939675174 0.0037347560975609755
3 0.602288283062645 0.2410039198606272 0.0034150232018561487 0.0021744337979094077
2 0.6062891531322506 0.23843532229965156 0.0055075406032482595 0.004393510452961672
2 0.6127726218097448 0.2363240418118467 0.009293793503480278 0.006375217770034843
3 0.6415139211136891 0.23270579268292685 0.010326276102088167 0.00740962543554007
2 0.6292372389791183 0.2411487369337979 0.00734338747099768 0.0036182491289198605
2 0.5792111368909513 0.2730259146341463 0.006885150812064964 0.0036182491289198605
2 0.5874144431554524 0.26811520034843206 0.005851218097447796 0.004480618466898955
2 0.5429524361948955 0.28439895470383275 0.006885150812064964 0.005685975609756097
2 0.581276102088167 0.1990625 0.008032192575406032 0.006978440766550523
3 0.5734730278422274 0.1952711236933798 0.0027537703016241298 0.0035322299651567943
3 0.5729002320185614 0.1936345818815331 0.005278422273781902 0.0026709494773519164
3 0.5719243039443155 0.19195448606271778 0.007917633410672854 0.0027569686411149825
3 0.57542343387471 0.19397865853658536 0.005278422273781902 0.003704268292682927
3 0.5743909512761021 0.19208297038327526 0.004131380510440835 0.003704268292682927
2 0.562572505800464 0.1773508275261324 0.010326276102088167 0.004566637630662021
2 0.5835701856148492 0.2138381968641115 0.0027537703016241298 0.003791376306620209
1 0.553336716937355 0.28349412020905923 0.002868329466357309 0.0028429878048780487
1 0.561941705336427 0.28021994773519165 0.0030974477958236658 0.0031881533101045297
1 0.551213747099768 0.26178353658536585 0.0032134570765661253 0.002153745644599303
1 0.6552262180974477 0.15658754355400695 0.006540023201856149 0.003704268292682927
2 0.689189385150812 0.14866071428571428 0.006540023201856149 0.005082752613240418
1 0.7010078306264501 0.1431043118466899 0.005392981438515081 0.002929006968641115
2 0.654824535962877 0.1925141550522648 0.0066545823665893275 0.0031881533101045297
2 0.6540791763341067 0.1865690331010453 0.006081786542923433 0.00680640243902439
2 0.7922259280742459 0.19199695121951219 0.006999709976798144 0.00422147212543554
3 0.78310469837587 0.1879475174216028 0.009868039443155452 0.006117160278745645
3 0.80502030162413 0.2530814459930314 0.00642546403712297 0.004393510452961672
2 0.8049622969837588 0.27039851916376306 0.007687064965197215 0.004910714285714286
2 0.7740400232018562 0.3018020470383275 0.005049303944315546 0.002929006968641115
2 0.8046751740139211 0.40854856271777007 0.005736658932714618 0.003791376306620209
2 0.8006598027842228 0.4032937717770035 0.00367169373549884 0.003274172473867596
3 0.8062253480278422 0.3995023954703833 0.009293793503480278 0.006375217770034843
3 0.7224071925754061 0.2359799651567944 0.008720997679814385 0.005685975609756097
3 0.7146621229698377 0.22555531358885017 0.004704176334106728 0.003102134146341463
3 0.7162108468677494 0.22374564459930316 0.005967227378190255 0.0022397648083623692
3 0.7148332366589327 0.2214198606271777 0.00642546403712297 0.002412891986062718
3 0.7167850928074245 0.21693924216027874 0.005278422273781902 0.003446210801393728
3 0.7146621229698377 0.21525914634146343 0.0051638631090487235 0.002153745644599303
3 0.7183903712296984 0.22215156794425087 0.003900812064965197 0.0028429878048780487
3 0.7199390951276102 0.21874891114982578 0.004245939675174014 0.003274172473867596
4 0.720284222737819 0.21422582752613242 0.004933294663573087 0.0035322299651567943
3 0.7224637470997679 0.22301284843205577 0.0037862529002320186 0.002153745644599303
3 0.7252175174013922 0.22176393728222998 0.004245939675174014 0.003791376306620209
3 0.7222346287703015 0.22021341463414634 0.003328016241299304 0.0027569686411149825
4 0.7247592807424593 0.21607796167247387 0.0037862529002320186 0.0027569686411149825
2 0.7134570765661253 0.23438588850174216 0.007803074245939676 0.004910714285714286
2 0.6998027842227379 0.25726045296167244 0.0066545823665893275 0.006203179442508711
2 0.668822505800464 0.27350065331010454 0.0066545823665893275 0.005599956445993031
1 0.6965907772621809 0.2819435975609756 0.003900812064965197 0.0028429878048780487
1 0.6976798143851508 0.2793586672473868 0.002868329466357309 0.0018096689895470384
3 0.7182758120649652 0.20724629790940766 0.006885150812064964 0.005427918118466899
3 0.6621679234338748 0.15021232578397212 0.008032192575406032 0.0057719947735191636
3 0.6793793503480279 0.1446548344947735 0.008032192575406032 0.005341898954703833
3 0.6808135150812066 0.13995971254355402 0.008604988399071926 0.0038773954703832754
2 0.7002624709976798 0.13905487804878047 0.005278422273781902 0.003446210801393728
2 0.7298651392111368 0.20935757839721256 0.008032192575406032 0.004135452961672474
2 0.7058845707656612 0.18549216027874563 0.005967227378190255 0.004135452961672474
1 0.6946389211136891 0.2335246080139373 0.0027537703016241298 0.0018096689895470384
3 0.7049666473317865 0.27729094076655053 0.005967227378190255 0.006289198606271777
3 0.7080640951276103 0.27845383275261326 0.004360498839907192 0.003791376306620209
3 0.7136861948955916 0.27591245644599305 0.006885150812064964 0.006289198606271777
2 0.7389863689095127 0.21310540069686412 0.006999709976798144 0.004393510452961672
3 0.7484527262180974 0.207893074912892 0.010326276102088167 0.006720383275261324
3 0.7571157192575405 0.20315439895470383 0.008375870069605568 0.008270905923344948
3 0.7431743039443156 0.18975718641114983 0.008032192575406032 0.006634364111498258
2 0.7343401972157773 0.1879475174216028 0.0055075406032482595 0.004738675958188153
3 0.6836238399071927 0.25394272648083627 0.0091792343387471 0.006117160278745645
2 0.7158671693735499 0.30468858885017425 0.004818735498839907 0.004566637630662021
2 0.7175870069605568 0.3018456010452962 0.004131380510440835 0.0026709494773519164
2 0.7199390951276102 0.30546385017421607 0.004704176334106728 0.003360191637630662
4 0.4275812064965197 0.3674531794425087 0.008375870069605568 0.006031141114982578
3 0.42803944315545245 0.3802896341463415 0.0051638631090487235 0.0051698606271777
3 0.43406322505800465 0.37990200348432057 0.004360498839907192 0.005427918118466899
3 0.43475203016241304 0.37645579268292684 0.004818735498839907 0.0057719947735191636
3 0.43566995359628774 0.36891768292682925 0.004818735498839907 0.006203179442508711
3 0.42459686774941996 0.36512630662020906 0.007457946635730859 0.0051698606271777
3 0.4812224477958237 0.35220274390243905 0.0055075406032482595 0.005859102787456446
3 0.4809353248259861 0.34742160278745643 0.005392981438515081 0.00422147212543554
3 0.48621374709976795 0.3517290940766551 0.0035571345707656613 0.005599956445993031
3 0.49533497679814387 0.35573606271777003 0.004818735498839907 0.005341898954703833
3 0.49998259860788863 0.35409843205574915 0.004475058004640371 0.0051698606271777
3 0.4969982598607889 0.3516006097560975 0.004933294663573087 0.004652656794425087
3 0.48512325986078886 0.3476371951219512 0.004131380510440835 0.004652656794425087
3 0.4061238399071926 0.32777765679442505 0.0063109048723897915 0.004566637630662021
3 0.40985353828306265 0.32795078397212546 0.005967227378190255 0.00422147212543554
3 0.4144431554524362 0.32967334494773515 0.004131380510440835 0.005255879790940767
3 0.4119765081206496 0.3237293118466899 0.005622099767981439 0.003360191637630662
3 0.4924086426914153 0.3943760888501742 0.002179524361948956 0.001292465156794425
3 0.4982613109048724 0.39868358013937283 0.008375870069605568 0.007150479094076655
3 0.49458961716937355 0.3928255662020906 0.005622099767981439 0.0026709494773519164
3 0.4969417053364269 0.39588414634146346 0.003900812064965197 0.0039634146341463415
3 0.4987195475638051 0.3934287891986063 0.004704176334106728 0.0028429878048780487
2 0.49820330626450116 0.3822713414634147 0.008720997679814385 0.006375217770034843
3 0.4941879350348028 0.4081184668989547 0.008032192575406032 0.006375217770034843
1 0.44766096287703017 0.2731130226480836 0.0030974477958236658 0.0027569686411149825
1 0.43727668213457077 0.29844185540069684 0.002982888631090487 0.003102134146341463
2 0.42637616009280743 0.29129137630662016 0.00642546403712297 0.0039634146341463415
4 0.6095635150812065 0.3250054442508711 0.004692575406032483 0.0040037020905923345
3 0.6122665313225057 0.3248192508710801 0.0035556844547563805 0.004911803135888502
3 0.6102755220417634 0.3218826219512195 0.004692575406032483 0.004378266550522648
3 0.6141502320185616 0.3219893292682927 0.005901972157772622 0.004164851916376306
3 0.5765008700696056 0.3025827526132404 0.003982018561484919 0.0035768728222996516
3 0.5795939675174014 0.3015940766550523 0.003056844547563805 0.0033101045296167245
3 0.582794373549884 0.2670786149825784 0.008319315545243618 0.0043249128919860625
3 0.5797012761020881 0.19198715156794424 0.007252030162412992 0.0029899825783972125
1 0.6161412412993039 0.11782992160278746 0.0027726218097447798 0.0028832752613240416
2 0.6047998839907193 0.2530640243902439 0.008248259860788863 0.005552047038327526
1 0.5668314965197215 0.3296777003484321 0.003697795823665893 0.002455357142857143
1 0.5694620069605568 0.3353364547038328 0.0029857888631090487 0.002455357142857143
2 0.6363703596287703 0.27217770034843203 0.0031279002320185613 0.0029899825783972125
2 0.5827233178654292 0.27735627177700345 0.005901972157772622 0.0033101045296167245
3 0.43927349187935033 0.4388599738675958 0.0017256380510440835 0.0020219947735191637
3 0.43993039443155457 0.4371232578397212 0.0027610208816705333 0.0029028745644599304
3 0.4415516241299304 0.4407262630662021 0.002415893271461717 0.002643728222996516
3 0.4419663573085847 0.4397147212543554 0.0021403712296983756 0.0018662891986062718
3 0.4444866589327146 0.4401034407665505 0.0024854988399071925 0.0032654616724738673
3 0.4426566125290023 0.43795187282229964 0.0021403712296983756 0.0018662891986062718
3 0.4452798723897912 0.4368379790940767 0.0032453596287703016 0.0029551393728223
3 0.4419663573085847 0.4358787020905924 0.003520881670533643 0.002488022648083624
3 0.4416560324825986 0.5126034407665505 0.0020707656612529 0.002488022648083624
3 0.4433120649651972 0.5119817073170732 0.002900232018561485 0.002488022648083624
3 0.4368227958236659 0.5100631533101045 0.003452726218097448 0.0034211672473867596
3 0.44407192575406035 0.5101404616724738 0.0033135150812064968 0.0027471689895470384
3 0.43471722737819024 0.5087924651567944 0.0014501160092807424 0.0019185540069686412
3 0.43495939675174017 0.5070818815331011 0.0038660092807424593 0.002228876306620209
3 0.43475203016241304 0.5050598867595819 0.003452726218097448 0.0019185540069686412
3 0.4368227958236659 0.5040494337979093 0.003728248259860789 0.0021777003484320556
3 0.43820330626450116 0.5077047038327527 0.0031757540603248257 0.0032654616724738673
2 0.44189675174013926 0.5080411585365854 0.0028306264501160093 0.0016594076655052266
2 0.43975783062645013 0.5048791376306621 0.0029683874709976795 0.002799433797909408
3 0.4601928654292343 0.5052939895470383 0.011529872389791184 0.006117160278745645
2 0.5167038863109049 0.5267563153310104 0.0027610208816705333 0.0021777003484320556
2 0.48535817865429237 0.5172430313588849 0.005799013921113689 0.005339721254355401
3 0.5803364269141531 0.49908209930313585 0.003838457076566125 0.0036030052264808365
3 0.581038283062645 0.49597778745644605 0.005536542923433875 0.004711454703832753
3 0.5838051044083526 0.49858340592334494 0.004280742459396751 0.0048225174216027875
4 0.5870910672853829 0.4990537891986063 0.006126740139211137 0.0048769599303135885
3 0.586167343387471 0.49550740418118466 0.0036905452436194895 0.005542247386759582
3 0.5899318445475639 0.4951742160278746 0.005018851508120649 0.005764372822299651
3 0.5929176334106729 0.49396777003484327 0.0052102668213457074 0.005256968641114983
3 0.5942473897911833 0.4901578832752613 0.0048303364269141535 0.003016114982578397
2 0.6421563225058006 0.49040722996515673 0.004650522041763341 0.0035474738675958187
2 0.6210455336426913 0.48442182055749133 0.005240719257540603 0.0035474738675958187
2 0.5968706496519722 0.5216398083623693 0.004428654292343387 0.0034919425087108014
4 0.6025174013921114 0.4452907229965157 0.005092807424593967 0.004655923344947735
4 0.5934019721577726 0.4438773954703833 0.004576566125290023 0.0029377177700348435
4 0.5994910092807425 0.44404398954703833 0.00435469837587007 0.003935104529616725
4 0.5999347447795823 0.44174433797909407 0.0037645011600928075 0.002660060975609756
4 0.6032555104408353 0.4426861933797909 0.003616589327146172 0.003658536585365854
2 0.66832656612529 0.41388828397212546 0.010439385150812065 0.005848214285714286
2 0.6356438515081206 0.40716463414634146 0.0038544083526682133 0.0034973867595818812
3 0.6692488399071926 0.4232937717770035 0.005218967517401392 0.006089939024390244
3 0.6517850928074246 0.3938098867595819 0.003372969837587007 0.003316637630662021
3 0.6547621809744779 0.4269904181184669 0.0031366009280742457 0.0022473867595818814
3 0.6567995939675174 0.42666485191637626 0.002884280742459397 0.0036552700348432055
3 0.6582482598607888 0.4251633275261324 0.003452726218097448 0.0025925522648083624
2 0.6547259280742459 0.42566310975609756 0.0027769721577726217 0.0016517857142857144
2 0.6556453016241299 0.42365962543554003 0.00375 0.0024096254355400696
2 0.6662630510440836 0.4200185104529617 0.007391241299303944 0.00487369337979094
2 0.6573752900232019 0.414495862369338 0.0054799883990719256 0.0031402439024390246
2 0.6644243039443155 0.4055749128919861 0.004145881670533643 0.0037086236933797914
1 0.6430611948955917 0.4241474303135888 0.002524651972157773 0.0016517857142857144
2 0.6544199535962877 0.43282447735191637 0.007211426914153132 0.005360409407665505
2 0.6561136890951277 0.42176502613240413 0.004111078886310905 0.0017595818815331012
3 0.6549419953596287 0.39359538327526133 0.00421838747099768 0.002923562717770035
3 0.6560600348027842 0.39600500871080135 0.00328161252900232 0.003086890243902439
3 0.7350681554524362 0.3962445557491289 0.004289443155452436 0.0036552700348432055
3 0.7357903132250581 0.39363893728222993 0.00380800464037123 0.0032208188153310105
3 0.7026783642691415 0.3794512195121951 0.005060904872389791 0.004379355400696864
3 0.7039312645011602 0.38138828397212543 0.0035179814385150813 0.0031848867595818814
3 0.7079553364269142 0.3768641114982578 0.005398781902552204 0.004560104529616725
3 0.7060759860788863 0.37632077526132407 0.0039530162412993045 0.004633057491289198
3 0.7114022621809745 0.37735300522648085 0.00380800464037123 0.003800087108013937
3 0.7068706496519721 0.38079050522648084 0.004289443155452436 0.003438588850174216
2 0.7234280742459397 0.36933580139372824 0.009350348027842228 0.00412565331010453
2 0.6880249419953596 0.4037358449477352 0.004675174013921114 0.003004137630662021
2 0.7027987238979119 0.4093281794425087 0.0031815545243619493 0.0037641550522648083
3 0.7077392691415313 0.4013294860627178 0.0022650812064965195 0.001520034843205575
3 0.7119808584686774 0.4021254355400697 0.003615139211136891 0.0020993031358885017
1 0.7081003480278423 0.36157338850174214 0.003760150812064965 0.0032208188153310105
1 0.6976653132250581 0.35458841463414636 0.0013979118329466359 0.0017007839721254355
1 0.7007250580046404 0.3382469512195122 0.002891531322505801 0.0027504355400696867
1 0.7086064385150812 0.3351535278745645 0.0024579466357308585 0.0024967334494773517
1 0.7192589907192576 0.36260452961672474 0.0040965777262180975 0.0035463850174216028
1 0.7208729698375871 0.3657349738675958 0.004241589327146172 0.004016768292682927
1 0.7456714037122969 0.3568684668989547 0.0040965777262180975 0.0033656358885017423
3 0.7380075406032482 0.3323116289198606 0.002843677494199536 0.00217116724738676
3 0.7381293503480278 0.3307197299651568 0.003084396751740139 0.00217116724738676
3 0.7414791183294663 0.33066528745644597 0.005542343387470998 0.0029311846689895472
3 0.7396954756380509 0.3290004355400697 0.0035179814385150813 0.0022081881533101044
2 0.3208686194895592 0.09253157665505225 0.008584686774941995 0.005775261324041812
2 0.33200261020881666 0.10421602787456447 0.005813515081206497 0.006445993031358886
2 0.32502755220417634 0.11190439895470383 0.0068866009280742465 0.00624455574912892
2 0.25737529002320186 0.08662238675958188 0.006438515081206496 0.005103440766550523
2 0.26595997679814387 0.09353876306620208 0.004650522041763341 0.005775261324041812
2 0.26658642691415313 0.10891659407665505 0.0055452436194895595 0.005103440766550523
2 0.2746345707656613 0.1340973432055749 0.004113979118329466 0.0033569250871080137
2 0.3238210556844548 0.13634690766550522 0.005187064965197216 0.0054388066202090595
2 0.32042198375870073 0.1597484756097561 0.0033976218097447794 0.003894817073170732
2 0.31899071925754063 0.17858340592334493 0.0037558004640371226 0.003155487804878049
2 0.31841067285382835 0.17294316202090593 0.0033091647331786544 0.0036933797909407665
2 0.27816705336426917 0.2078941637630662 0.005813515081206497 0.0037608885017421604
3 0.27373984918793504 0.20336128048780489 0.007691415313225058 0.0032905052264808362
2 0.2801348607888631 0.20107796167247388 0.007243329466357309 0.0054388066202090595
2 0.3758671693735499 0.15783427700348432 0.007333236658932715 0.007588196864111498
2 0.38279872389791186 0.14762739547038328 0.0086745939675174 0.00624455574912892
1 0.3231046983758701 0.08396994773519163 0.0030408932714617166 0.0027526132404181187
1 0.3254741879350348 0.07779290069686412 0.002414443155452436 0.0027526132404181187
1 0.3204669373549884 0.07215156794425087 0.003129350348027842 0.0030215592334494772
2 0.3397839327146172 0.1939601480836237 0.010284222737819025 0.007050304878048781
2 0.31782917633410673 0.19936628919860627 0.004292343387470998 0.004700566202090592
2 0.2894794083526682 0.21423998257839721 0.004470707656612529 0.003827308362369338
1 0.2841139791183295 0.21138610627177698 0.0033976218097447794 0.003222996515679443
3 0.39827001160092806 0.2131315331010453 0.005633700696055685 0.0029540505226480834
3 0.4097607308584687 0.2160191637630662 0.00786977958236659 0.003894817073170732
3 0.4096592227378191 0.2204355400696864 0.00402262180974478 0.002816855400696864
3 0.4061789443155453 0.22377504355400699 0.0024753480278422273 0.0031075783972125434
3 0.40805394431554526 0.22355727351916377 0.002359338747099768 0.0024390243902439024
3 0.4099883990719258 0.22309233449477353 0.002514501160092807 0.0023236062717770034
3 0.39954611368909515 0.22130662020905922 0.004989849187935034 0.004095165505226481
3 0.40393561484918794 0.21867813588850174 0.0049506960556844545 0.004879137630662021
3 0.4107033062645012 0.21967987804878047 0.004099477958236659 0.002816855400696864
3 0.4058106148491879 0.22145143728222996 0.0032874129930394436 0.003920949477351916
3 0.35850638051044087 0.32761215156794427 0.004129930394431555 0.006253266550522648
3 0.3581685034802784 0.32662020905923345 0.003452726218097448 0.0054910714285714285
3 0.35911542923433876 0.3248410278745645 0.004807134570765661 0.005795949477351916
3 0.360707656612529 0.3267987804878049 0.00392691415313225 0.005237369337979094
3 0.3626377610208817 0.32700130662020904 0.00521461716937355 0.006253266550522648
3 0.36395736658932715 0.32545078397212546 0.005010150812064964 0.005389808362369338
3 0.35576421113689094 0.32473867595818817 0.005687354988399072 0.005592334494773519
4 0.3670388631090487 0.32301067073170736 0.004672273781902552 0.005592334494773519
4 0.3657526102088167 0.3219174651567944 0.005890371229698376 0.0048301393728223
3 0.37079611368909515 0.3227308362369338 0.003249709976798144 0.005033754355400696
2 0.36521026682134566 0.3178244773519164 0.009953596287703016 0.004778963414634146
1 0.4789341647331787 0.33744991289198606 0.002843677494199536 0.002338850174216028
5 0.5033744199535963 0.3328887195121951 0.008381670533642692 0.003796820557491289
5 0.5019736078886311 0.33578723867595817 0.00808584686774942 0.0037793989547038327
5 0.4885919373549884 0.33539416376306624 0.0044634570765661255 0.0037456445993031356
2 0.4957511600928074 0.33559342334494774 0.005871519721577727 0.005835148083623694
5 0.4958193155452436 0.33222887630662024 0.0030597447795823666 0.0020002177700348435
5 0.4944243039443156 0.3389732142857143 0.003268561484918793 0.0013599738675958188
1 0.588217807424594 0.39450675087108017 0.002875580046403712 0.0020633710801393726
2 0.6176464617169374 0.4278810975609756 0.006518271461716938 0.003935104529616725
5 0.5841574825986079 0.44008166376306623 0.00435614849187935 0.00498911149825784
5 0.6117038863109049 0.4403125 0.002948085846867749 0.0033373257839721254
2 0.5874144431554524 0.43989982578397213 0.006555974477958236 0.004229094076655053
1 0.5648172853828306 0.4549673344947735 0.003006090487238979 0.0021983885017421603
3 0.5484005220417634 0.44614547038327523 0.006566125290023202 0.002375871080139373
3 0.5546113689095128 0.4480760017421603 0.004113979118329466 0.00195993031358885
2 0.5650942575406033 0.4671755226480836 0.004193735498839907 0.005940766550522648
3 0.5711861948955916 0.4683634581881533 0.0021360208816705336 0.0016637630662020904
3 0.5716618329466358 0.4661650696864112 0.0024521461716937357 0.0020198170731707318
1 0.7489544663573086 0.43577090592334494 0.00421838747099768 0.0028233885017421604
1 0.7429466357308584 0.44190004355400697 0.0046766241299303945 0.0024096254355400696
2 0.7379495359628769 0.4368728222996515 0.005319025522041763 0.004200783972125435
2 0.8844025522041764 0.2663098867595819 0.004035672853828306 0.00351154181184669
2 0.8854567865429234 0.2627983449477352 0.0043097447795823664 0.0036498257839721257
2 0.8623462877030162 0.2915810104529617 0.0046766241299303945 0.0030988675958188152
1 0.8673912412993039 0.2906173780487805 0.0030263921113689095 0.0017214721254355401
1 0.7609672273781902 0.32842116724738674 0.002201276102088167 0.002685104529616725
3 0.6184715777262181 0.23626524390243903 0.0051972157772621815 0.0036236933797909408
3 0.6224811484918794 0.236154181184669 0.0037122969837587007 0.002731925087108014
3 0.625598897911833 0.23523410278745643 0.0037122969837587007 0.0028985191637630665
3 0.6190661252900231 0.23342225609756098 0.004899941995359629 0.0037347560975609755
3 0.6213297563805104 0.2337293118466899 0.004083526682134571 0.0027874564459930314
3 0.6265269721577725 0.23275370209059235 0.0052711716937354994 0.0028429878048780487
2 0.6117836426914153 0.2297223432055749 0.0031627030162412993 0.0018608449477351917
3 0.6132758120649652 0.22896341463414635 0.003117749419953596 0.0023965592334494776
3 0.6190284222737819 0.2296047473867596 0.005716357308584687 0.0027874564459930314
3 0.6197346287703016 0.2275413763066202 0.004157482598607889 0.0017835365853658535
3 0.6147969837587007 0.2255912456445993 0.0046766241299303945 0.0034560104529616723
3 0.6181380510440836 0.22603658536585367 0.003638341067285383 0.0018956881533101046
3 0.6198825406032482 0.22550740418118467 0.0053451276102088165 0.0021744337979094077
3 0.6023535382830626 0.23553027003484323 0.001966357308584687 0.00226698606271777
3 0.6040487238979119 0.23546602787456447 0.0021650232018561484 0.002909407665505226
3 0.6029379350348028 0.234375 0.0021084686774941993 0.002096036585365854
3 0.5996041183294664 0.23531576655052264 0.003760150812064965 0.0026099738675958188
3 0.5992763921113688 0.23058906794425088 0.006751740139211137 0.002310540069686411
3 0.5985368329466357 0.23290940766550522 0.0078915313225058 0.003016114982578397
3 0.6090617749419954 0.22566855400696864 0.003647041763341067 0.001796602787456446
3 0.6111281902552205 0.2273911149825784 0.005497389791183294 0.002075348432055749
3 0.6115414733178653 0.22506968641114983 0.0037035962877030163 0.0021385017421602787
3 0.6099593967517402 0.22401132404181187 0.0036180394431554524 0.002075348432055749
2 0.6174086426914153 0.23161585365853657 0.0037035962877030163 0.002310540069686411
3 0.6015980278422274 0.22833188153310105 0.008090197215777263 0.0032730836236933795
3 0.6059425754060325 0.22592552264808363 0.003219257540603248 0.0024814895470383273
3 0.6067270881670533 0.22406467770034844 0.0030771461716937354 0.0024390243902439024
3 0.6027378190255219 0.24597887630662021 0.005812064965197215 0.00280161149825784
2 0.5986934454756381 0.2414340156794425 0.00546983758700696 0.003978658536585366
2 0.6033309164733178 0.27619882404181184 0.005751160092807424 0.0036650696864111492
2 0.5903958816705336 0.26531576655052264 0.0048114849187935035 0.003372168989547038
3 0.4332221577726218 0.36407338850174215 0.0052987238979118325 0.005151350174216028
1 0.7962079466357308 0.2280248257839721 0.0022607308584686775 0.0026774825783972126
1 0.7946766241299305 0.21442726480836236 0.00140661252900232 0.0012826655052264808
1 0.7932946635730859 0.22102787456445994 0.0014573665893271462 0.0015091463414634147
2 0.6429843387470998 0.47472778745644595 0.0046954756380510445 0.004462108013937282
3 0.45430249419953594 0.42670513937282234 0.006931554524361948 0.0042966027874564465
2 0.4610716357308585 0.4290276567944251 0.004373549883990719 0.003353658536585366
2 0.4574202436194895 0.43171711672473867 0.005071055684454756 0.0034233449477351916
2 0.4595359628770302 0.4256914198606272 0.003908062645011601 0.0032491289198606273
2 0.4064327146171694 0.5079899825783972 0.0035817865429234336 0.00310866724738676
2 0.2748651392111369 0.3211835801393728 0.006567575406032483 0.003980836236933798
2 0.2793358468677494 0.3167857142857143 0.006963457076566126 0.00493140243902439
2 0.2818677494199536 0.3296504790940767 0.004431554524361949 0.004040722996515679
2 0.27961281902552204 0.327868031358885 0.005301624129930395 0.0038022648083623693
1 0.2796519721577726 0.33660169860627176 0.003481728538283063 0.003208841463414634
1 0.47486223897911833 0.4035899390243903 0.0029234338747099768 0.002299651567944251
2 0.5163181554524362 0.4044348867595819 0.004698375870069605 0.005939677700348432