0 0.5513993619489559 0.3818913327526132 0.7263065545243619 0.7637826655052264
4 0.7059585266821345 0.6138371080139372 0.006002030162412993 0.006424216027874565
4 0.7042821925754059 0.6110616289198606 0.006280452436194896 0.006327308362369338
4 0.7100348027842227 0.615811193379791 0.004322795823665893 0.006038763066202091
4 0.7137993039443155 0.6143989547038328 0.0033599187935034807 0.00530161149825784
4 0.7144620069605568 0.6107480400696864 0.004344547563805105 0.005059886759581881
4 0.7225319025522041 0.6116496080139373 0.005513341067285384 0.005097996515679442
3 0.5266096287703016 0.006702961672473868 0.003812354988399072 0.004559015679442509
3 0.5290240719257541 0.00602787456445993 0.002589907192575406 0.00422147212543554
4 0.532913283062645 0.0056598432055749125 0.006325406032482599 0.006856489547038327
4 0.549421403712297 0.007302918118466898 0.010968677494199537 0.007394381533101045
3 0.5498433874709977 0.011214067944250871 0.005633700696055685 0.00649934668989547
3 0.5540690255220417 0.013427700348432055 0.005941125290023202 0.007554442508710801
3 0.5699057424593967 0.009822517421602787 0.00619054524361949 0.0075947299651567945
3 0.5631104988399072 0.011319686411149825 0.004928944315545244 0.010082752613240417
3 0.5666806844547564 0.009023301393728223 0.0032120069605568445 0.005285278745644599
3 0.5575812064965198 0.009691855400696866 0.005568445475638051 0.004532883275261325
4 0.5853900812064965 0.003084712543554007 0.006558874709976798 0.006168336236933798
4 0.5907584106728538 0.003900261324041812 0.006754640371229698 0.007800522648083624
4 0.629179234338747 0.012295296167247387 0.008448375870069606 0.008066202090592334
3 0.6074883990719258 0.001758493031358885 0.004134280742459397 0.00351698606271777
3 0.6114486658932715 0.000819904181184669 0.0037006960556844547 0.001639808362369338
4 0.6091850348027842 0.02334385888501742 0.008338167053364268 0.008477787456445993
3 0.6062354988399072 0.019627613240418118 0.004321345707656613 0.006603876306620209
3 0.60038283062645 0.01769490418118467 0.007994489559164734 0.0066975174216027875
4 0.6299912993039444 0.02505226480836237 0.0066400812064965195 0.007653527874564461
3 0.6343314965197216 0.010620644599303137 0.0055495939675174015 0.007415069686411149
3 0.6380742459396751 0.011061628919860627 0.005754060324825986 0.006413327526132404
4 0.5992386890951277 0.01101154181184669 0.005120359628770302 0.006554878048780488
4 0.6127088167053364 0.028937282229965156 0.007674013921113689 0.008258928571428572
3 0.6253088747099768 0.028444033101045298 0.006448665893271461 0.0068477787456445996
3 0.6203030742459397 0.02498911149825784 0.008232308584686775 0.007498911149825784
3 0.6085672853828307 0.03160278745644599 0.004535962877030162 0.006189024390243903
3 0.6522056264501159 0.021566855400696864 0.005669953596287703 0.003282883275261324
2 0.8950116009280742 0.06144381533101045 0.00691415313225058 0.0033384146341463414
3 0.851596577726218 0.03304769163763066 0.006170243619489558 0.004171385017421603
3 0.8476508120649652 0.04024172473867595 0.0063384570765661254 0.005886324041811847
3 0.8603842807424594 0.03785169860627178 0.0054292343387471 0.005560757839721255
3 0.8608280162412993 0.03774281358885018 0.005697505800464037 0.005468205574912892
3 0.8695649651972158 0.03727134146341463 0.005678654292343387 0.004400043554006968
3 0.8644127030162413 0.04570230836236934 0.0046258700696055685 0.005176393728222996
3 0.8693895011600928 0.04463523519163763 0.006316705336426915 0.005764372822299651
3 0.8667720417633411 0.04833297038327526 0.0050159512761020885 0.004744120209059234
3 0.8613022041763341 0.0422147212543554 0.003760150812064965 0.0055008710801393735
3 0.8653001740139211 0.03974629790940766 0.0055539443155452435 0.005639155052264809
3 0.8565936774941995 0.03655052264808362 0.008745649651972158 0.006692073170731707
3 0.8143604988399071 0.033681402439024385 0.009754930394431554 0.004512195121951219
5 0.7954031322505801 0.02649499128919861 0.005510440835266821 0.004776785714285714
5 0.7911890951276102 0.023981925087108013 0.00581931554524362 0.00398845818815331
3 0.8124724477958237 0.03865635888501742 0.005426334106728539 0.005809015679442509
4 0.8087427494199536 0.04144817073170732 0.006622679814385151 0.007186411149825784
3 0.7987906032482599 0.04219076655052265 0.006089037122969838 0.004464285714285714
3 0.8064979698375869 0.047636106271777 0.004875290023201855 0.004094076655052265
3 0.8012645011600928 0.044294425087108014 0.003615139211136891 0.004588414634146341
3 0.8044272041763341 0.0438926393728223 0.0030408932714617166 0.0032709059233449475
3 0.806435614849188 0.04529290069686411 0.003655742459396752 0.0027471689895470384
3 0.8604611368909513 0.0464873693379791 0.004508410672853828 0.0040276567944250875
3 0.8574042923433874 0.04435104529616725 0.0059860788863109055 0.007938806620209059
5 0.7792038863109049 0.0767399825783972 0.010688805104408351 0.00854965156794425
5 0.7814283642691414 0.06818053135888501 0.008638341067285383 0.007368249128919861
5 0.7899521461716937 0.07596036585365853 0.008587587006960556 0.008192508710801393
5 0.7997143271461716 0.0765145905923345 0.007537703016241299 0.0052460801393728225
5 0.7944141531322505 0.0712020905923345 0.010861368909512762 0.007779834494773519
5 0.6864298143851508 0.0808144599303136 0.009016821345707656 0.0064024390243902435
5 0.6629277842227378 0.0824259581881533 0.0071418213457076565 0.007445557491289198
5 0.6674724477958237 0.07866398083623694 0.005861368909512762 0.003868684668989547
5 0.6746113689095128 0.08000871080139373 0.007627610208816705 0.005170949477351917
5 0.6831554524361949 0.0758623693379791 0.006570475638051044 0.003984102787456446
5 0.6759382250580047 0.08694577526132403 0.009279292343387471 0.0050773083623693385
5 0.6907584106728538 0.08005988675958188 0.011187645011600928 0.007815766550522648
5 0.6551740139211136 0.18639699477351915 0.01162412993039443 0.00919425087108014
5 0.6608773201856148 0.180977787456446 0.009048723897911833 0.005940766550522648
5 0.6686745939675175 0.18348758710801394 0.008486078886310906 0.0062739547038327525
5 0.6723578886310905 0.19117051393728224 0.0076711136890951276 0.006961019163763066
5 0.6845794663573085 0.19343314459930314 0.009171983758700696 0.006538545296167247
5 0.6772288283062645 0.18727787456445993 0.006348607888631091 0.004042900696864112
5 0.6833628190255221 0.18846036585365852 0.008636890951276103 0.005960365853658537
5 0.6939921693735499 0.21775479094076655 0.008111948955916473 0.005202526132404181
5 0.7009773781902552 0.21969729965156795 0.006964907192575406 0.005230836236933798
5 0.7057598607888631 0.21678244773519165 0.004515661252900232 0.003704268292682927
5 0.7111339907192574 0.21467661149825784 0.004833236658932714 0.004238893728222996
5 0.7062325986078887 0.21389046167247386 0.0037035962877030163 0.002844076655052265
5 0.7001377610208817 0.20258384146341463 0.005285672853828307 0.0034962979094076653
5 0.6953567285382831 0.2056990418118467 0.004910092807424594 0.0037924651567944247
5 0.7070432134570767 0.2069827961672474 0.005978828306264501 0.004589503484320558
5 0.67893126450116 0.19860844947735193 0.0052059164733178655 0.003918771777003485
4 0.727070765661253 0.22569141986062718 0.008114849187935034 0.006492813588850174
4 0.7351116589327146 0.2531119337979094 0.007623259860788863 0.007572952961672473
4 0.7257265081206496 0.25493684668989547 0.006225348027842227 0.007158101045296167
4 0.7067502900232019 0.26522756968641115 0.00622969837587007 0.007219076655052265
4 0.7185252320185614 0.26462652439024387 0.00714907192575406 0.00688044425087108
4 0.7156017981438515 0.25457534843205576 0.0050580046403712305 0.005415940766550523
4 0.6591197795823666 0.25370426829268294 0.007990139211136891 0.009008057491289198
4 0.6255829466357309 0.21484647212543556 0.005361078886310905 0.005228658536585366
4 0.6223825406032483 0.21377504355400695 0.003884860788863109 0.0047985627177700345
4 0.6271838747099768 0.20271559233449477 0.005388631090487239 0.005611933797909407
4 0.5879988399071926 0.19959712543554006 0.008974767981438515 0.00799869337979094
3 0.6227610208816706 0.20047256097560975 0.004058874709976798 0.005185104529616725
3 0.5763341067285382 0.21118466898954705 0.004292343387470998 0.005846036585365854
3 0.5789240139211137 0.20823061846689897 0.0047650812064965195 0.004353222996515679
3 0.582427494199536 0.20837761324041812 0.004015371229698376 0.004647212543554007
3 0.5767720417633411 0.2045655487804878 0.003291763341067285 0.003822952961672474
3 0.5807149071925755 0.20398519163763068 0.006345707656612529 0.0030956010452961673
3 0.5045026102088167 0.1908351480836237 0.004720127610208816 0.008366724738675958
3 0.5150536542923434 0.18925522648083623 0.0075 0.00811955574912892
3 0.508796403712297 0.1913926393728223 0.004370649651972158 0.008073824041811848
3 0.5079509860788863 0.18357469512195124 0.007311484918793504 0.0085801393728223
3 0.5121679234338747 0.18194686411149827 0.004981148491879351 0.00335256968641115
3 0.5012166473317865 0.1827994337979094 0.005031902552204177 0.009753919860627177
3 0.33989849187935034 0.4448780487804878 0.006107888631090487 0.006481925087108014
3 0.34521606728538284 0.4477090592334495 0.005630800464037123 0.008171820557491289
3 0.35827146171693736 0.45494882404181186 0.003432424593967518 0.0050152439024390245
3 0.3577958236658933 0.4638479965156794 0.005654002320185615 0.006289198606271777
3 0.3640530742459397 0.46500108885017416 0.006437064965197216 0.007163545296167248
3 0.36529582366589325 0.4612565331010453 0.006596577726218098 0.008096689895470383
3 0.36978103248259864 0.45723432055749125 0.007946635730858468 0.007995426829268293
4 0.3928987819025522 0.4641800958188153 0.008915313225058005 0.007973649825783972
4 0.3845954176334107 0.4705172038327526 0.009849187935034804 0.00973976480836237
4 0.3847447795823666 0.4626056184668989 0.008351218097447797 0.007523954703832752
3 0.39177349187935034 0.47435322299651567 0.006521171693735499 0.008593205574912893
4 0.3998216357308585 0.47141659407665504 0.010055104408352668 0.008839285714285714
4 0.40596577726218097 0.47143945993031355 0.005559744779582367 0.008343858885017421
4 0.4108816705336427 0.470831881533101 0.005321925754060325 0.005508493031358886
3 0.40966792343387476 0.4342802700348432 0.004540313225058004 0.005685975609756097
3 0.4158613689095128 0.39268619337979094 0.009537412993039443 0.009356489547038329
3 0.42379060324825985 0.39143837108013935 0.008342517401392111 0.012493466898954704
3 0.4133033642691415 0.39899281358885014 0.0044214037122969835 0.005068597560975609
3 0.4183338167053364 0.3993456010452962 0.005955626450116009 0.01012630662020906
3 0.4257743619489559 0.3991212979094077 0.006879350348027842 0.007373693379790941
4 0.7010063805104408 0.0019033101045296168 0.007946635730858468 0.0038066202090592336
3 0.7048970417633411 0.004663545296167247 0.004290893271461717 0.006370862369337979
3 0.7080379930394431 0.0019033101045296168 0.004680974477958236 0.0038066202090592336
4 0.7116371809744779 0.003292682926829268 0.006677784222737819 0.006585365853658536
3 0.6878088747099768 0.009738675958188153 0.006509570765661253 0.0070165505226480835
3 0.6876435614849188 0.0056173780487804885 0.004308294663573086 0.00499455574912892
3 0.7098129350348028 0.007646994773519164 0.0037485498839907195 0.004250871080139372
4 0.7078726798143851 0.008710801393728223 0.0035382830626450113 0.004709277003484321
3 0.70564530162413 0.012887630662020906 0.003474477958236659 0.004452308362369338
3 0.7020722157772622 0.014585148083623692 0.0039385150812064965 0.004645034843205575
3 0.6940255220417634 0.01983558362369338 0.005152262180974478 0.005995209059233449
3 0.6926754640371229 0.024354311846689895 0.0039617169373549884 0.005554224738675958
3 0.68850783062645 0.02456663763066202 0.003928364269141531 0.007381315331010454
3 0.6795490139211137 0.02982796167247387 0.003871809744779582 0.005119773519163763
3 0.6756931554524361 0.03433580139372822 0.005307424593967517 0.006787891986062718
3 0.6790327726218097 0.03681402439024391 0.0028074245939675173 0.0050032665505226484
5 0.6889066125290023 0.04025479094076655 0.005284222737819025 0.004466463414634147
5 0.6890675754060326 0.03557491289198607 0.005050754060324826 0.004393510452961672
5 0.6917966937354989 0.03684668989547038 0.004496809744779583 0.003407012195121951
5 0.6959367749419954 0.037906141114982576 0.0038863109048723897 0.0033177264808362367
3 0.6711919953596288 0.04480945121951219 0.004077726218097448 0.004849738675958188
3 0.6700942575406033 0.04846145470383275 0.0029132830626450116 0.0024727787456445996
3 0.6745272621809745 0.04389481707317073 0.0034034222737819022 0.0048606271777003485
3 0.6443866009280742 0.0582948606271777 0.0034208236658932714 0.005467116724738676
3 0.6475638051044084 0.06057491289198607 0.0024637470997679813 0.0048486498257839725
3 0.6508251160092807 0.056634364111498255 0.003760150812064965 0.003157665505226481
4 0.6388863109048725 0.05339721254355401 0.0077682714617169375 0.006816202090592334
4 0.6296824245939675 0.054671167247386764 0.005690255220417634 0.006098649825783972
3 0.6392647911832946 0.12681511324041814 0.0047650812064965195 0.008384146341463415
3 0.6448854408352669 0.1288643292682927 0.0061339907192575404 0.007835365853658537
3 0.6471432714617169 0.12294098432055749 0.006350058004640371 0.004508928571428571
3 0.640625 0.12152983449477353 0.009636020881670534 0.008461454703832753
3 0.6263312064965197 0.1390341898954704 0.00992169373549884 0.004283536585365854
3 0.6190762761020882 0.14935540069686412 0.003728248259860789 0.007369337979094078
3 0.6208700696055686 0.14502177700348434 0.004953596287703016 0.008126088850174216
3 0.6161093387470997 0.14645905923344946 0.004675174013921114 0.008804442508710802
4 0.8006104988399072 0.5648148954703833 0.014691125290023203 0.012938806620209058
4 0.7267604408352668 0.5625827526132404 0.009740429234338748 0.009346689895470384
4 0.7149651972157772 0.5362554442508711 0.012388341067285384 0.009389155052264809
4 0.7129219837587008 0.5413403745644599 0.009469257540603248 0.009740853658536585
3 0.7429756380510442 0.5628974303135889 0.007459396751740139 0.007621951219512195
3 0.7358091647331787 0.569254137630662 0.004773781902552204 0.0071853222996515675
3 0.7324811484918793 0.5659113675958188 0.003955916473317865 0.007513066202090592
3 0.7490907772621809 0.5534309668989547 0.007312935034802784 0.006746515679442509
3 0.7414602668213457 0.5700457317073171 0.004454756380510441 0.0045013066202090595
3 0.7202001160092807 0.5489231271777004 0.004912993039443156 0.005406141114982578
3 0.7421911252900232 0.5526818379790941 0.004985498839907193 0.005732796167247387
4 0.7062935034802785 0.5377863675958188 0.008019141531322506 0.00822626306620209
4 0.7210092807424594 0.5366147648083625 0.006396461716937355 0.007077526132404181
4 0.6873825406032482 0.5449009146341464 0.004601218097447796 0.004952090592334494
4 0.6690400232018561 0.5474488240418119 0.005114559164733179 0.005285278745644599
4 0.6738906612529002 0.550302700348432 0.004553364269141531 0.004131097560975609
4 0.6770620649651973 0.5483329703832753 0.005894721577726218 0.004392421602787457
4 0.6758976218097448 0.543195775261324 0.006915603248259861 0.0043347125435540075
3 0.6381496519721578 0.4761324041811847 0.00620939675174014 0.011145470383275262
4 0.6254770881670534 0.4730128484320557 0.010991879350348028 0.010693597560975609
4 0.6283222157772621 0.47912129790940766 0.008500580046403711 0.00980836236933798
4 0.6428596287703016 0.47721689895470387 0.01097447795823666 0.011569033101045297
3 0.6356496519721577 0.4827667682926829 0.00775522041763341 0.00879899825783972
3 0.6682062064965197 0.4596439459930313 0.00810324825986079 0.0075304878048780485
3 0.6632511600928074 0.4618619337979094 0.003989269141531322 0.005960365853658537
3 0.6580423433874709 0.4597539198606272 0.00539008120649652 0.008403745644599303
3 0.6690690255220417 0.4545862369337979 0.0054669373549884 0.003856707317073171
3 0.6600783062645011 0.45253810975609754 0.004807134570765661 0.005111062717770035
4 0.6410788863109049 0.45811520034843206 0.007080916473317865 0.005127395470383276
4 0.6420417633410673 0.43768401567944254 0.010482888631090488 0.010764372822299651
4 0.6359411252900232 0.4392465156794425 0.011193445475638051 0.00941310975609756
4 0.6793691995359629 0.4474640679442509 0.008323665893271461 0.00717661149825784
4 0.6489066125290023 0.4418466898954704 0.010517691415313226 0.007079703832752613
3 0.664731728538283 0.42845383275261323 0.0076943155452436195 0.00985191637630662
3 0.6339718677494199 0.41841027874564457 0.0038181554524361946 0.004426175958188153
3 0.6306017981438515 0.418140243902439 0.0028480278422273785 0.0030749128919860627
2 0.6428132250580046 0.4178484320557491 0.0038819605568445473 0.0027591463414634145
2 0.6448462877030162 0.4154540505226481 0.0032700116009280744 0.0020905923344947735
2 0.6484933294663573 0.4172408536585366 0.0030974477958236658 0.0031641986062717767
4 0.6315327726218097 0.3997386759581881 0.012378190255220417 0.009061411149825784
4 0.6209237238979118 0.3987619773519164 0.010639501160092808 0.009936846689895472
4 0.6183845707656612 0.40522756968641116 0.010477088167053365 0.008232796167247387
4 0.6262079466357309 0.4061422038327526 0.009100928074245939 0.007479311846689895
5 0.6158874709976798 0.3824314024390244 0.007624709976798144 0.006144381533101045
5 0.6279988399071926 0.38211019163763066 0.007707366589327146 0.0061596254355400695
5 0.628399071925754 0.3772343205574913 0.00574245939675174 0.004054878048780488
4 0.5924593967517401 0.38257839721254355 0.013301914153132251 0.010322299651567944
3 0.6012543503480279 0.38496842334494774 0.008161252900232018 0.007847343205574913
3 0.6008860208816705 0.37961019163763066 0.008138051044083527 0.0049608013937282236
4 0.5921824245939675 0.3923562717770035 0.013364269141531321 0.010447517421602787
4 0.5981424013921114 0.39995862369337976 0.008488979118329467 0.01077308362369338
4 0.6055655452436194 0.395761106271777 0.005537993039443155 0.005944033101045297
5 0.6346621229698376 0.37637957317073173 0.004401102088167053 0.0035572735191637633
4 0.6021171693735499 0.33432600174216026 0.006598027842227378 0.00720383275261324
4 0.5872998839907193 0.31428135888501746 0.00978538283062645 0.009697299651567945
4 0.5959135730858469 0.3102232142857143 0.009163283062645012 0.00791920731707317
4 0.5609266241299304 0.30676175958188157 0.009263341067285383 0.009626524390243902
4 0.61752030162413 0.3262674216027875 0.006980858468677494 0.006050740418118467
4 0.6471186194895592 0.2716212979094077 0.010243619489559165 0.006696428571428571
4 0.5954364849187935 0.2444751742160279 0.00939675174013921 0.009001524390243902
4 0.6022404292343387 0.2416506968641115 0.009781032482598609 0.009109320557491288
4 0.5904161832946636 0.2471003919860627 0.008351218097447797 0.010225391986062718
4 0.5833019141531323 0.24457425958188153 0.008591937354988399 0.009343423344947735
3 0.5608077146171694 0.22465374564459928 0.0038935614849187937 0.0050152439024390245
3 0.5577494199535963 0.22305313588850173 0.004955046403712297 0.005867813588850174
3 0.5645939675174014 0.2259451219512195 0.004279292343387471 0.004831228222996515
3 0.5499376450116009 0.18337216898954703 0.003084396751740139 0.004781141114982578
4 0.5456685034802784 0.1822484756097561 0.006225348027842227 0.006594076655052265
4 0.5524318445475638 0.18335910278745646 0.004981148491879351 0.005987587108013937
4 0.48620359628770304 0.16803027003484322 0.011234048723897912 0.01325675087108014
3 0.47851943155452437 0.16858231707317073 0.006928654292343388 0.009242160278745644
3 0.4748868909512761 0.1650860191637631 0.0052523201856148494 0.007142857142857143
5 0.492618909512761 0.14325675087108014 0.007486948955916474 0.006722560975609756
5 0.49973172853828307 0.1434919425087108 0.007529002320185615 0.007228876306620209
5 0.48339182134570763 0.15053353658536586 0.008352668213457077 0.0063381968641114984
5 0.48280307424593966 0.14510997386759583 0.007114269141531323 0.004833405923344948
5 0.48453886310904876 0.1411672473867596 0.006624129930394432 0.005166594076655052
4 0.513502030162413 0.1333830574912892 0.005379930394431555 0.005432273519163763
4 0.5045780162412993 0.13422256097560975 0.004135730858468677 0.005828614982578397
4 0.5078219257540604 0.13634690766550522 0.005477088167053365 0.005253702090592335
3 0.49784367749419955 0.12360409407665505 0.0038428074245939674 0.004863893728222997
3 0.4864138631090487 0.1326829268292683 0.004546113689095128 0.00435866724738676
3 0.4824782482598608 0.13064242160278744 0.003562935034802784 0.003953614982578397
3 0.5132772621809745 0.09467116724738676 0.0046577726218097444 0.004456663763066202
3 0.49583381670533644 0.07796385017421603 0.004343097447795824 0.005924433797909408
5 0.4922810324825986 0.0683830574912892 0.005669953596287703 0.004259581881533101
5 0.5043735498839907 0.0606522212543554 0.005027552204176334 0.004599303135888502
5 0.4973375870069605 0.061928353658536585 0.004070475638051044 0.0033384146341463414
5 0.5022853828306265 0.06708732578397213 0.005239269141531323 0.004518728222996516
4 0.4908671693735499 0.07906358885017421 0.005594547563805104 0.007082970383275261
4 0.4529930394431555 0.05024063588850174 0.011400812064965198 0.012784189895470383
4 0.4395678654292344 0.05765135017421603 0.009866589327146173 0.010527003484320558
3 0.4456482018561485 0.056265243902439026 0.007178074245939675 0.010308144599303137
4 0.4474651972157772 0.06380008710801394 0.009997099767981438 0.009592770034843205
4 0.45771316705336423 0.06446755226480837 0.010923723897911833 0.012044860627177701
3 0.44616444315545245 0.0700479094076655 0.006864849187935036 0.007262630662020906
3 0.44122679814385146 0.06686955574912892 0.006547273781902552 0.007441202090592335
4 0.30383555684454755 0.02031032229965157 0.008823955916473319 0.007115635888501741
3 0.2847824825986079 0.024913980836236933 0.004129930394431555 0.006790069686411149
4 0.2907294083526682 0.026153092334494775 0.005771461716937354 0.006649608013937282
4 0.2894054524361949 0.021150914634146343 0.0055916473317865435 0.007302918118466898
3 0.2828523781902552 0.01516768292682927 0.004005220417633411 0.00524390243902439
3 0.28716502320185616 0.011895688153310104 0.003871809744779582 0.006178135888501742
3 0.28585701856148493 0.01694359756097561 0.004720127610208816 0.004496951219512195
4 0.2740269721577726 0.010866724738675958 0.005967227378190255 0.006364329268292683
4 0.24165168213457078 0.002466245644599303 0.011460266821345709 0.004932491289198606
4 0.20303074245939673 0.040286367595818814 0.007691415313225058 0.008818597560975609
3 0.2100609048723898 0.05534298780487805 0.0042357888631090485 0.006852134146341463
3 0.21582656612529 0.05480836236933798 0.002710266821345708 0.0054649390243902436
3 0.20725348027842228 0.0499455574912892 0.006830046403712297 0.005887412891986063
4 0.24738979118329466 0.06886324041811848 0.008001740139211138 0.006469947735191638
5 0.2455872969837587 0.06519817073170732 0.006506670533642691 0.0046875
4 0.24954321345707656 0.06562717770034844 0.009847737819025522 0.005282012195121951
3 0.25156032482598606 0.06294207317073171 0.00804524361948956 0.004299869337979094
5 0.23859628770301622 0.06648628048780487 0.005539443155452436 0.005678353658536585
3 0.236332656612529 0.0643554006968641 0.003951566125290023 0.0043630226480836235
4 0.23922853828306265 0.07658101045296167 0.006213747099767982 0.008913327526132404
4 0.24578016241299305 0.07580683797909409 0.008252610208816704 0.007727569686411149
3 0.23129640371229698 0.06343532229965157 0.0026174593967517403 0.006842334494773519
3 0.2333135150812065 0.06507186411149826 0.0025812064965197216 0.004573170731707317
3 0.21789443155452434 0.06914960801393728 0.002877030162412993 0.006516768292682927
4 0.2159251740139211 0.06684886759581882 0.004364849187935035 0.005859102787456446
4 0.2201827146171694 0.06841790069686411 0.003623839907192575 0.007026350174216028
4 0.22734048723897912 0.09575675087108014 0.006402262180974478 0.008242595818815332
4 0.25706061484918796 0.11375871080139373 0.007407192575406033 0.009077743902439026
4 0.2594895591647332 0.1289405487804878 0.00955046403712297 0.008547473867595818
4 0.2674564965197216 0.1303800087108014 0.008483178654292343 0.009314024390243904
4 0.27092517401392113 0.1263871951219512 0.007542053364269141 0.006585365853658536
4 0.26118619489559164 0.11938697735191638 0.008197505800464038 0.006780270034843206
3 0.26501595127610206 0.11679115853658535 0.00622824825986079 0.008028092334494774
3 0.2671824245939675 0.112716681184669 0.006709686774941995 0.006975174216027875
3 0.2872172273781903 0.16984756097560977 0.006148491879350348 0.007192944250871081
4 0.28493619489559163 0.16705357142857144 0.007418793503480278 0.006342552264808362
4 0.28952291183294665 0.17247495644599303 0.00611368909512761 0.006669207317073171
4 0.29602378190255224 0.17129573170731707 0.008030742459396752 0.009028745644599304
4 0.3027189675174014 0.17134255226480835 0.009995649651972159 0.007727569686411149
4 0.26148636890951277 0.18857251742160278 0.006007830626450116 0.007515243902439024
4 0.2796824245939675 0.20188044425087107 0.007674013921113689 0.007126524390243903
4 0.27462877030162414 0.20190113240418117 0.006863399071925754 0.00748911149825784
3 0.26290313225058004 0.1757338850174216 0.004653422273781903 0.004616724738675958
3 0.2569620069605568 0.17525479094076654 0.004501160092807425 0.003658536585365854
3 0.25260005800464036 0.17837325783972127 0.0045606148491879345 0.004450130662020906
3 0.26001015081206497 0.1786465592334495 0.003268561484918793 0.004651567944250871
4 0.26807859628770303 0.1881935975609756 0.007133120649651972 0.007613240418118467
5 0.28193155452436197 0.19115200348432054 0.004092227378190255 0.0035442073170731704
3 0.2812456496519722 0.21010344076655052 0.0049970997679814385 0.004255226480836237
3 0.27466937354988397 0.21453288327526132 0.007687064965197215 0.007202743902439025
3 0.27808294663573085 0.21538436411149825 0.005754060324825986 0.006310975609756098
3 0.2740023201856148 0.21907774390243903 0.005754060324825986 0.005051175958188154
4 0.2954451856148492 0.22511541811846691 0.009290893271461716 0.009198606271777003
4 0.2864211136890951 0.22305422473867598 0.009292343387470998 0.008573606271777003
4 0.2812050464037123 0.22361716027874562 0.007711716937354988 0.007997604529616726
4 0.2757323085846868 0.22580248257839722 0.009076276102088167 0.007873475609756098
4 0.28315980278422276 0.2281130226480836 0.006463167053364269 0.007000217770034844
4 0.2785179814385151 0.24327199477351916 0.008161252900232018 0.008412456445993031
4 0.28027407192575404 0.2483111933797909 0.008510730858468677 0.007202743902439025
4 0.2708584686774942 0.24453397212543557 0.00724767981438515 0.007838632404181185
3 0.2889820185614849 0.2405237369337979 0.005181264501160092 0.00541376306620209
3 0.28426624129930395 0.24329050522648085 0.004798433874709978 0.00725065331010453
3 0.2847650812064965 0.24018074912891987 0.004185034802784223 0.00422691637630662
3 0.3535368329466357 0.26132621951219515 0.005756960556844548 0.007307273519163763
3 0.34946925754060326 0.25844185540069686 0.002584106728538283 0.004805095818815331
3 0.35729263341067286 0.2590559668989547 0.004828886310904872 0.005087108013937282
5 0.34791908352668216 0.22027547909407666 0.0035614849187935033 0.004209494773519163
5 0.3506162993039443 0.21774716898954705 0.004660672853828306 0.003567073170731707
5 0.3604190835266821 0.2206598432055749 0.005517691415313225 0.003597560975609756
5 0.36080916473317864 0.21716898954703834 0.0048114849187935035 0.003987369337979094
5 0.36537558004640375 0.21474520905923344 0.005250870069605568 0.003316637630662021
5 0.3681743039443155 0.21279616724738676 0.00496084686774942 0.0035267857142857145
3 0.40114994199535964 0.029944468641114982 0.00828161252900232 0.007362804878048781
3 0.3976580626450116 0.03473649825783972 0.006435614849187935 0.00983558362369338
3 0.39161542923433873 0.03242378048780487 0.005166763341067286 0.009186628919860627
3 0.38866589327146167 0.03032121080139373 0.004485208816705336 0.009924869337979095
3 0.40794808584686776 0.07051284843205576 0.007298433874709976 0.006866289198606272
3 0.4150594547563805 0.06551502613240419 0.004550464037122969 0.005554224738675958
3 0.4188036542923434 0.06438479965156794 0.0044910092807424595 0.0038959059233449477
4 0.5219823085846867 0.6171755226480836 0.006795243619489559 0.005533536585365853
4 0.5120069605568446 0.6149923780487805 0.006729988399071925 0.0055433362369337975
3 0.5137166473317866 0.6201306620209059 0.005092807424593967 0.00554551393728223
3 0.5167894431554525 0.6218336236933798 0.0031946055684454757 0.005825348432055749
4 0.519199535962877 0.6198617160278747 0.0037296983758700695 0.003846907665505226
3 0.5204524361948956 0.6059102787456446 0.002736368909512761 0.0032121080139372823
3 0.5159788283062645 0.6066506968641114 0.003383120649651972 0.0030335365853658538
4 0.5305539443155453 0.5768913327526133 0.007482598607888631 0.005431184668989547
4 0.5353277262180974 0.5796613675958188 0.007262180974477958 0.006512412891986063
4 0.532711716937355 0.5729464285714285 0.009850638051044084 0.005059886759581881
3 0.5357468097447796 0.5391463414634147 0.005810614849187935 0.007246297909407665
3 0.5434599767981438 0.5340592334494774 0.007687064965197215 0.00821864111498258
4 0.5273027842227378 0.5354997822299651 0.008481728538283063 0.009260670731707317
4 0.5371432714617169 0.5321156358885017 0.00941705336426914 0.008871951219512196
5 0.5109005220417634 0.5303081445993032 0.007939385150812064 0.005528092334494774
5 0.5159904292343388 0.522243031358885 0.00808439675174014 0.004729965156794425
5 0.5166400812064965 0.5226698606271777 0.007797273781902553 0.0047321428571428575
5 0.5111339907192576 0.526154181184669 0.009127030162412992 0.004257404181184669
5 0.4550913573085847 0.5403484320557491 0.005088457076566126 0.0031435104529616725
5 0.4448984918793503 0.5415363675958188 0.0048767401392111375 0.002763501742160279
5 0.44797708816705334 0.5394838850174216 0.005346577726218097 0.0032807055749128917
4 0.4145548143851508 0.5255444250871081 0.006645881670533643 0.00665831881533101
4 0.41990429234338744 0.5281075783972126 0.006148491879350348 0.006087761324041811
3 0.4089399651972158 0.5281358885017421 0.005366879350348027 0.005562935540069687
3 0.42266386310904874 0.5248214285714285 0.004970997679814385 0.005536803135888502
4 0.3765501740139211 0.5346112804878048 0.007298433874709976 0.007208188153310105
5 0.4895548143851508 0.503502831010453 0.009515661252900232 0.008029181184668988
5 0.5029495359628771 0.4973965592334495 0.011450116009280741 0.00816855400696864
5 0.4990066705336427 0.508608449477352 0.01003915313225058 0.008165287456445992
5 0.5088761600928075 0.5045807926829268 0.007430394431554525 0.005872168989547039
5 0.4948680394431555 0.5106489547038328 0.00763776102088167 0.00689133275261324
5 0.5156772041763341 0.5104616724738675 0.012888631090487239 0.007439024390243902
4 0.5830582946635731 0.4448780487804878 0.006044083526682134 0.005598867595818816
4 0.5774463457076566 0.44102134146341465 0.008758700696055685 0.004992378048780488
4 0.5515849767981439 0.4457229965156794 0.00724767981438515 0.004815984320557491
4 0.5523535382830627 0.4422364982578397 0.006809744779582367 0.004538327526132404
3 0.6131191995359628 0.3997658972125435 0.006252900232018561 0.012049216027874564
5 0.5624071925754061 0.3945230836236934 0.005964327146171694 0.004815984320557491
5 0.5590820765661253 0.38189242160278747 0.006899651972157772 0.005218858885017421
5 0.5436151392111369 0.377893074912892 0.0042633410672853825 0.004161585365853659
5 0.5391342807424594 0.377938806620209 0.005867169373549884 0.004070121951219512
5 0.535479988399072 0.3800228658536586 0.0049231438515081214 0.0031707317073170734
5 0.5685774361948955 0.3953266550522648 0.005508990719257541 0.004349956445993032
5 0.5654625870069605 0.3850435540069686 0.004868039443155453 0.00501633275261324
5 0.5561383410672854 0.39659843205574913 0.0063529582366589335 0.004768074912891986
5 0.5904553364269142 0.34619882404181185 0.004889791183294663 0.002810322299651568
5 0.5890675754060325 0.34213196864111495 0.005211716937354988 0.003626959930313589
3 0.4918227958236659 0.33182926829268294 0.004187935034802784 0.004594947735191638
3 0.49416038283062647 0.32977896341463414 0.003461426914153132 0.004293336236933798
3 0.4943837006960557 0.3332883275261324 0.0025203016241299304 0.003992813588850175
3 0.497030162412993 0.33230400696864115 0.0037587006960556847 0.005266768292682926
3 0.4785469837587007 0.3201448170731707 0.003452726218097448 0.0023682491289198607
3 0.4737645011600928 0.3183373257839721 0.003248259860788863 0.002926829268292683
3 0.47595127610208815 0.317363893728223 0.0031815545243619493 0.0022397648083623692
4 0.4849651972157773 0.32378810975609756 0.008503480278422274 0.008483231707317072
4 0.4781946055684455 0.3257219076655052 0.009124129930394432 0.007705792682926829
4 0.4793866009280742 0.32896994773519167 0.008368619489559165 0.005522648083623693
4 0.4681786542923434 0.326169425087108 0.008555684454756381 0.008741289198606271
4 0.44762761020881675 0.32734538327526136 0.007204176334106729 0.004700566202090592
4 0.45027262180974476 0.3382621951219512 0.007533352668213458 0.007075348432055749
4 0.4523419373549884 0.34260670731707316 0.007472447795823666 0.003069468641114983
3 0.46068010440835266 0.33802591463414633 0.00478683294663573 0.005985409407665505
3 0.4632671113689095 0.3387380226480836 0.0030147911832946635 0.005368031358885017
5 0.43759280742459394 0.345977787456446 0.006033932714617169 0.004673344947735192
5 0.43461136890951274 0.34975718641114983 0.005129060324825986 0.003839285714285714
5 0.44028857308584685 0.34936520034843205 0.005716357308584687 0.0037206010452961675
3 0.4223941415313225 0.35402547909407667 0.005667053364269141 0.004471907665505226
3 0.4164791183294663 0.35571646341463414 0.003117749419953596 0.0049009146341463415
4 0.45118474477958237 0.3747495644599303 0.013610788863109048 0.010414851916376307
4 0.37721577726218103 0.3697473867595819 0.014518561484918794 0.011980618466898955
4 0.4593082946635731 0.3746189024390244 0.010477088167053365 0.010475827526132403
4 0.451802494199536 0.38242269163763065 0.01117024361948956 0.00953397212543554
4 0.4102885730858469 0.37184995644599306 0.011302204176334107 0.006185757839721254
5 0.39408642691415313 0.35533536585365855 0.007202726218097448 0.005135017421602787
5 0.4004205336426914 0.3575740418118467 0.006998259860788863 0.004690766550522648
5 0.40009280742459397 0.37014590592334495 0.008175754060324827 0.007040505226480836
5 0.40558584686774946 0.36301393728222997 0.007862529002320186 0.0057219076655052265
4 0.20280597447795823 0.2609592770034843 0.007946635730858468 0.01020797038327526
4 0.21133410672853828 0.26104202961672474 0.010114559164733179 0.011396994773519164
3 0.22141966357308585 0.26137304006968637 0.008560034802784222 0.009128919860627178
3 0.22305249419953596 0.2546036585365854 0.013045243619489558 0.005667465156794425
3 0.20253335266821346 0.25295296167247383 0.007456496519721578 0.003485409407665505
3 0.2062978538283063 0.24969512195121948 0.005475638051044084 0.0033874128919860625
5 0.1939907192575406 0.2372484756097561 0.0067285382830626446 0.005708841463414634
5 0.19796548723897914 0.23037129790940766 0.007759570765661253 0.005388719512195122
5 0.20182279582366588 0.23532121080139373 0.007984338747099768 0.005445339721254355
5 0.8302697215777262 0.263734756097561 0.008462877030162413 0.00554006968641115
4 0.7357685614849188 0.29357033972125435 0.00814530162412993 0.004413109756097561
4 0.7982758120649652 0.29176393728222993 0.006335556844547564 0.007084059233449478
4 0.8724216937354988 0.3414862804878049 0.01566415313225058 0.013868684668989547
5 0.8746157192575407 0.3303865418118467 0.01039008120649652 0.006916376306620209
4 0.8435832366589328 0.3180084930313589 0.006935904872389791 0.005480182926829268
4 0.84852813225058 0.31849956445993033 0.0058599187935034795 0.005480182926829268
4 0.8808497679814385 0.3193804442508711 0.015948375870069607 0.008224085365853659
4 0.9048651392111369 0.32499128919860626 0.009686774941995359 0.010132839721254356
4 0.8928088747099768 0.328543118466899 0.01324100928074246 0.01380770905923345
4 0.8875870069605569 0.3239993466898955 0.015851218097447797 0.01035387630662021
5 0.896745939675174 0.29960583623693376 0.011567575406032482 0.007635017421602788
4 0.6436165893271462 0.36460148083623695 0.009200986078886312 0.005203614982578397
4 0.6078175754060325 0.3454932491289199 0.006698085846867749 0.005929878048780488
5 0.6119504060324826 0.3282545731707317 0.0047665313225058 0.00453941637630662
5 0.6127334686774942 0.3092857142857143 0.0027465197215777266 0.0028985191637630665
3 0.6306917053364269 0.31176829268292683 0.002971287703016241 0.0029115853658536585
3 0.6338819605568445 0.3121003919860627 0.003297563805104408 0.003524608013937282
4 0.6339008120649652 0.2867998693379791 0.00949100928074246 0.008327526132404181
3 0.6198245359628771 0.2780574912891986 0.005031902552204177 0.006953397212543554
3 0.6154538863109049 0.27875979965156794 0.004409802784222738 0.006541811846689895
5 0.6237993039443156 0.2661269599303136 0.005239269141531323 0.004207317073170732
5 0.6408903712296984 0.24495317944250872 0.007753770301624129 0.005023954703832752
5 0.6355336426914153 0.2479573170731707 0.005474187935034803 0.004677700348432056
4 0.6451102088167053 0.2527504355400697 0.009148781902552205 0.007726480836236933
3 0.651772041763341 0.2563283972125435 0.006305104408352667 0.008723867595818816
4 0.6466806844547565 0.25813479965156794 0.009873839907192575 0.005655487804878049
3 0.6399825986078886 0.2617661149825784 0.005667053364269141 0.007109102787456446
3 0.6344823085846868 0.2578538763066202 0.005063805104408353 0.006400261324041812
3 0.6395359628770302 0.25504790940766553 0.005014501160092807 0.004565548780487805
5 0.6087529002320186 0.25417574041811847 0.0053784802784222745 0.004440331010452962
5 0.6129364849187936 0.25605509581881536 0.005620649651972158 0.004167029616724739
4 0.5621693735498839 0.33412456445993033 0.009343097447795825 0.0074281358885017424
3 0.5686151392111369 0.3357415069686411 0.0058048143851508124 0.007496733449477351
4 0.5492778422273782 0.33846907665505227 0.0061528422273781904 0.005087108013937282
4 0.5195896171693736 0.3532905052264808 0.0034208236658932714 0.004728876306620209
4 0.52225783062645 0.3506260888501742 0.004538863109048724 0.0047702526132404185
4 0.5309962296983759 0.35172147212543553 0.0067749419953596285 0.005018510452961673
3 0.5258526682134571 0.3566365418118467 0.004269141531322506 0.005019599303135888
3 0.5267604408352669 0.3539928135888502 0.003877610208816705 0.0046058362369337975
4 0.5275391531322505 0.3432621951219512 0.005436484918793504 0.005827526132404182
4 0.5340400232018561 0.3421395905923345 0.005089907192575406 0.004354311846689896
4 0.5243111948955916 0.34094076655052263 0.004245939675174014 0.00509037456445993
5 0.5248984918793503 0.338422256097561 0.004685324825986079 0.003081445993031359
5 0.5492227378190255 0.38867160278745644 0.012133120649651972 0.006231489547038328
5 0.5498361368909512 0.3805564024390244 0.00045243619489559165 0.00032774390243902436
5 0.4262311484918793 0.37700021777003484 0.010553944315545244 0.010839503484320558
5 0.43601363109048724 0.37624237804878047 0.008459976798143852 0.011803135888501742
4 0.3511165893271462 0.35604856271777 0.006811194895591647 0.005896123693379791
4 0.5008802204176335 0.2532959494773519 0.007510150812064965 0.006639808362369337
3 0.497866879350348 0.24968532229965157 0.00798868909512761 0.005535714285714286
4 0.5442444895591647 0.27753702090592336 0.006128190255220417 0.006263066202090593
3 0.6695287122969837 0.21826546167247388 0.006374709976798144 0.007532665505226481
3 0.7218285962877029 0.20259364111498257 0.0036600928074245935 0.005056620209059233
3 0.72580626450116 0.19990200348432058 0.005189965197215777 0.007074259581881533
3 0.7188254060324827 0.19485518292682927 0.007514501160092808 0.004381533101045296
3 0.721435614849188 0.19859756097560977 0.0053407772621809745 0.005812282229965157
4 0.7414341647331787 0.18900043554006968 0.008362819025522042 0.008685757839721253
4 0.7491864849187936 0.18651023519163765 0.007502900232018562 0.0076088850174216025
4 0.7515733758700697 0.19074150696864112 0.0065385730858468685 0.007727569686411149
3 0.7579915893271462 0.1909102787456446 0.0055771461716937355 0.005372386759581882
3 0.7602247679814386 0.1867465156794425 0.007833526682134571 0.0064645034843205575
3 0.7269620069605569 0.18643510452961673 0.006534222737819026 0.006918554006968641
4 0.7303683294663573 0.1870720818815331 0.0045794663573085845 0.006653963414634146
4 0.7560904872389791 0.1676753048780488 0.008304814385150813 0.007545731707317073
4 0.7872230278422273 0.1594446864111498 0.012192575406032483 0.013315548780487806
4 0.7967009860788863 0.16047800522648084 0.010304524361948956 0.012912674216027875
4 0.806223897911833 0.1506184668989547 0.01593822505800464 0.011246733449477353
4 0.7637616009280742 0.1391920731707317 0.013051044083526682 0.012715592334494773
3 0.7800899071925754 0.1440483449477352 0.009985498839907193 0.013865418118466899
3 0.7870185614849188 0.14439351045296167 0.005620649651972158 0.012416158536585366
3 0.8053088747099768 0.16372060104529615 0.008908062645011601 0.01046602787456446
4 0.7751566125290023 0.15552482578397211 0.009093677494199537 0.008325348432055749
4 0.876219547563805 0.18835583623693378 0.006342807424593967 0.006100827526132405
4 0.8783091647331787 0.18502939895470383 0.005933874709976798 0.005150261324041811
3 0.8630104408352668 0.17854420731707318 0.006468967517401392 0.00814133275261324
3 0.8424608468677494 0.18109864982578397 0.009070475638051044 0.009447952961672473
4 0.857014211136891 0.1787227787456446 0.00957366589327146 0.009447952961672473
4 0.8755249419953596 0.18014699477351917 0.008970417633410672 0.005755662020905924
4 0.884431554524362 0.18498257839721255 0.008560034802784222 0.0071450348432055754
4 0.8573317865429234 0.18479202961672475 0.0071693735498839905 0.006575566202090592
4 0.8621882250580046 0.18440004355400696 0.005807714617169373 0.006171602787456446
4 0.8680582946635731 0.18223867595818816 0.007450696055684455 0.009069033101045296
5 0.7768285962877031 0.1294359756097561 0.006724187935034803 0.007284407665505227
3 0.7980510440835267 0.12250544425087107 0.013095997679814385 0.007199477351916376
3 0.7761890951276103 0.10388937282229965 0.0036774941995359627 0.004745209059233449
3 0.7734179234338747 0.10386432926829268 0.00367169373549884 0.0035834059233449474
3 0.7650725058004639 0.10218641114982578 0.0062412993039443155 0.004339067944250871
3 0.7627030162412993 0.10989111498257839 0.004404002320185615 0.004116942508710802
3 0.7668938515081206 0.10782447735191637 0.0033323665893271463 0.003953614982578397
3 0.7690980278422274 0.10475936411149826 0.004322795823665893 0.0030476916376306618
3 0.770052204176334 0.10828397212543554 0.002816125290023202 0.0035180749128919863
3 0.7729451856148492 0.09844512195121952 0.0039617169373549884 0.002096036585365854
5 0.7361789443155452 0.1311269599303136 0.004651972157772621 0.0036563588850174215
5 0.7204944895591647 0.12551067073170732 0.006682134570765661 0.004357578397212544
5 0.7281525522041764 0.1254279181184669 0.005965777262180974 0.0029682055749128923
5 0.7241908352668214 0.12411912020905924 0.00449245939675174 0.003206663763066202
5 0.7211412412993039 0.12745100174216029 0.0029886890951276103 0.0022539198606271777
5 0.7214254640371229 0.13110300522648083 0.005314675174013921 0.003132621951219512
5 0.7181293503480278 0.1289122386759582 0.0032308584686774945 0.002151567944250871
5 0.727546403712297 0.13575348432055748 0.003042343387470998 0.002586019163763066
5 0.7663935614849188 0.17339939024390244 0.007199825986078886 0.00453941637630662
5 0.7622012761020882 0.17014808362369338 0.0074898491879350345 0.004236716027874564
5 0.7639733178654292 0.17999020034843205 0.0057250580046403704 0.00373911149825784
5 0.7553277262180974 0.18006968641114982 0.005529292343387471 0.0032894163763066203
4 0.6359425754060325 0.17938806620209058 0.007098317865429235 0.006698606271777004
4 0.5848984918793504 0.17706228222996517 0.009485208816705335 0.008938371080139373
3 0.58231873549884 0.17242595818815332 0.0065008700696055684 0.008047691637630661
4 0.822995939675174 0.4680215592334495 0.009820185614849188 0.009694033101045297
4 0.8018546983758701 0.4658177264808362 0.0122288283062645 0.010349520905923344
4 0.8090690255220417 0.469838850174216 0.009791183294663573 0.011452526132404182
4 0.8089747679814384 0.4500969076655052 0.008980568445475639 0.007789634146341464
3 0.8162195475638051 0.47279072299651564 0.006509570765661253 0.008521341463414635
3 0.7905524941995359 0.46192399825783975 0.005381380510440835 0.0062499999999999995
3 0.7959831786542924 0.4623802264808362 0.004618619489559165 0.0056293554006968645
3 0.8171882250580046 0.45624673344947736 0.006879350348027842 0.003362369337979094
3 0.8148897911832946 0.45124455574912886 0.005791763341067285 0.00555640243902439
4 0.7968198955916473 0.42507077526132403 0.00898491879350348 0.009238893728222996
5 0.8306772041763342 0.4413229529616725 0.007079466357308585 0.0045535714285714285
5 0.8363805104408353 0.443230618466899 0.0063384570765661254 0.0037140679442508712
5 0.8245925174013922 0.43618575783972124 0.005522041763341067 0.003102134146341463
5 0.8296737238979118 0.4359211672473868 0.005651102088167053 0.0040657665505226485
5 0.8087122969837587 0.4405019599303136 0.005087006960556844 0.0035899390243902436
5 0.8187819025522042 0.4453549651567944 0.0055582946635730855 0.004198606271777003
5 0.8731786542923433 0.44444795296167244 0.008928364269141531 0.004968423344947736
5 0.883270011600928 0.44489547038327526 0.010250870069605568 0.0070307055749128915
5 0.879266241299304 0.434127831010453 0.012816125290023201 0.0070927700348432056
5 0.8674782482598608 0.43420622822299654 0.00685469837587007 0.005691419860627178
5 0.8748100348027842 0.46099303135888503 0.01177784222737819 0.00906794425087108
5 0.8739022621809746 0.45022648083623695 0.012212877030162413 0.005654398954703833
5 0.8805858468677494 0.438195775261324 0.011186194895591648 0.004932491289198606
4 0.809752030162413 0.40694033101045296 0.006104988399071926 0.00588523519163763
4 0.8066299303944316 0.4039873693379791 0.004376450116009281 0.0054910714285714285
5 0.8004292343387471 0.4087728658536585 0.005387180974477958 0.003873040069686411
4 0.7875565545243619 0.41568597560975606 0.008600638051044085 0.006670296167247386
4 0.7827552204176335 0.4210376742160279 0.008268561484918793 0.008027003484320557
4 0.7756424013921114 0.41868793554006967 0.009795533642691414 0.008001959930313588
4 0.7670084106728539 0.41974520905923346 0.007595707656612529 0.007131968641114983
4 0.7720330626450116 0.4216038763066202 0.005888921113689095 0.007269163763066203
5 0.7941516821345708 0.41094729965156795 0.004756380510440835 0.0041180313588850175
3 0.7546461716937355 0.409188806620209 0.003383120649651972 0.0049934668989547034
4 0.7647128770301624 0.38013175087108014 0.00581931554524362 0.006269599303135889
3 0.7734222737819026 0.37969729965156795 0.005904872389791183 0.0057883275261324035
3 0.7834063225058004 0.38177264808362366 0.008256960556844547 0.0051676829268292685
3 0.7664269141531322 0.39178244773519166 0.0025087006960556844 0.00375
3 0.7692821925754061 0.3903092334494773 0.004910092807424594 0.004581881533101045
3 0.763594837587007 0.39089285714285715 0.002756670533642692 0.004856271777003485
5 0.7715849767981439 0.3988327526132404 0.007924883990719257 0.004319468641114983
5 0.7468300464037123 0.39456228222996514 0.00582221577726218 0.004420731707317074
5 0.7554901392111368 0.39335583623693376 0.005588747099767981 0.0032523954703832752
5 0.7549434454756381 0.398341681184669 0.004827436194895592 0.004518728222996516
5 0.7570475638051044 0.3958612804878049 0.005868619489559164 0.002915940766550523
5 0.7652508700696056 0.3966942508710801 0.0038660092807424593 0.0028418989547038327
5 0.8042328886310904 0.4100947299651568 0.005761310904872389 0.005363675958188153
4 0.7923752900232018 0.40664851916376304 0.00789443155452436 0.003796820557491289
3 0.7416879350348028 0.3216996951219512 0.006252900232018561 0.0073845818815331
3 0.7438167053364269 0.3181707317073171 0.007427494199535963 0.01020797038327526
3 0.7510919373549884 0.32188588850174216 0.007330336426914153 0.00916920731707317
4 0.5970127610208816 0.08344947735191638 0.006818445475638052 0.005973432055749129
4 0.6056554524361949 0.08145143728222996 0.006548723897911833 0.005429006968641115
4 0.5827871229698376 0.1073029181184669 0.008146751740139211 0.010193815331010454
3 0.5771780742459397 0.10955030487804879 0.004057424593967517 0.007224520905923344
5 0.5957308584686775 0.09251088850174216 0.006424013921113689 0.005026132404181184
5 0.589530162412993 0.08655923344947736 0.006570475638051044 0.007008928571428572
5 0.5885803364269141 0.0977308362369338 0.009849187935034804 0.007320339721254356
4 0.6024622969837586 0.10882077526132404 0.009235788863109048 0.01012086236933798
3 0.5879524361948956 0.07341463414634146 0.0034150232018561487 0.0029888937282229965
3 0.5913906612529002 0.07091572299651568 0.006595127610208816 0.003913327526132404
4 0.594328596287703 0.07522865853658536 0.005669953596287703 0.008004137630662022
3 0.5978016241299303 0.07386868466898955 0.004441705336426914 0.0050152439024390245
3 0.624080626450116 0.06968641114982578 0.004028422273781903 0.005365853658536586
3 0.6200971577726218 0.07084494773519164 0.003941415313225058 0.0042323606271777
5 0.6169156032482599 0.17070448606271776 0.006515371229698376 0.004954268292682927
5 0.6066502320185615 0.1715559668989547 0.004801334106728538 0.004368466898954704
5 0.6097592807424593 0.16833841463414634 0.005073955916473318 0.003276350174216028
5 0.6207439095127609 0.16845274390243903 0.004957946635730858 0.0037597996515679444
4 0.5924405452436194 0.20331010452961673 0.007527552204176334 0.006913109756097561
5 0.6150667053364269 0.19249237804878047 0.00791328306264501 0.0075925522648083625
4 0.6163660092807425 0.19462325783972126 0.006444315545243619 0.006226045296167247
5 0.647556554524362 0.16839394599303137 0.006418213457076566 0.006668118466898955
5 0.6512441995359628 0.16698932926829269 0.005446635730858469 0.003757621951219512
4 0.6525246519721578 0.22165614111498258 0.008138051044083527 0.01019163763066202
5 0.6497128770301625 0.21653854529616726 0.004953596287703016 0.0031347996515679443
5 0.6432584106728538 0.21419207317073172 0.003970417633410672 0.0026404616724738676
5 0.6517618909512761 0.23357578397212542 0.005259570765661253 0.0028669425087108013
5 0.6469852088167053 0.23026241289198607 0.008036542923433875 0.004508928571428571
5 0.6459019721577727 0.21212325783972127 0.0054611368909512755 0.003208841463414634
1 0.6617894431554524 0.21092770034843206 0.006663283062645012 0.004887848432055749
3 0.6706133990719257 0.21129682055749127 0.004482308584686775 0.0048628048780487805
5 0.7188500580046403 0.2225348432055749 0.005922273781902553 0.004953179442508711
3 0.6841226798143851 0.24053571428571427 0.003736948955916473 0.007184233449477352
3 0.6892328886310904 0.23993684668989546 0.004002320185614849 0.008339503484320557
4 0.7094156032482599 0.25003593205574914 0.007511600928074245 0.00555095818815331
3 0.6988500580046404 0.24839176829268292 0.0051508120649651976 0.006373040069686411
3 0.6918691995359629 0.24952635017421604 0.003216357308584687 0.0057981271777003485
3 0.6927160672853828 0.24156032229965155 0.0038863109048723897 0.005304878048780487
2 0.6882729118329466 0.23256641986062718 0.003916763341067286 0.004832317073170732
2 0.6914080626450115 0.22889155052264806 0.0056003480278422274 0.0030596689895470387
4 0.7047911832946635 0.2312717770034843 0.006957656612529002 0.0058983013937282235
4 0.7151754640371231 0.2358090156794425 0.008557134570765661 0.0056293554006968645
4 0.7232613109048723 0.22748693379790938 0.005556844547563805 0.0048301393728223
5 0.7106438515081207 0.2248704268292683 0.00546838747099768 0.004330357142857144
2 0.6938312064965197 0.23323606271777003 0.0059396751740139215 0.004002613240418118
4 0.6636426914153132 0.22530270034843203 0.004952146171693735 0.005473649825783972
3 0.6611745939675174 0.21838523519163763 0.005623549883990719 0.006601698606271777
5 0.620770011600928 0.24402983449477353 0.006935904872389791 0.0025141550522648085
5 0.545532192575406 0.23488022648083623 0.005313225058004641 0.0036901132404181186
4 0.5542546403712297 0.3225685975609756 0.005108758700696056 0.005353876306620209
4 0.5512587006960556 0.3303288327526132 0.004504060324825986 0.005705574912891986
4 0.5562079466357309 0.33168118466898955 0.004451856148491879 0.004617813588850174
4 0.5536658932714617 0.3401970818815331 0.006615429234338747 0.005041376306620209
4 0.5283686194895592 0.3555988675958188 0.004199535962877031 0.004328179442508711
3 0.4182888631090487 0.3183079268292683 0.0046490719257540605 0.007300740418118467
3 0.40426189095127607 0.32477569686411145 0.004134280742459397 0.005828614982578397
3 0.40400377030162415 0.32080466027874566 0.005523491879350349 0.005582534843205575
3 0.39641096287703015 0.32099847560975614 0.005026102088167053 0.005655487804878049
3 0.42134280742459396 0.32320993031358886 0.00451131090487239 0.005480182926829268
3 0.3970374129930394 0.3065156794425087 0.005681554524361949 0.007136324041811848
4 0.4033207656612529 0.29930858013937284 0.011927204176334107 0.007112369337979093
3 0.4001044083526682 0.3033427700348432 0.008545533642691415 0.005702308362369337
5 0.3842082366589327 0.30033209930313587 0.008197505800464038 0.006702961672473868
5 0.39212877030162413 0.3012129790940767 0.006750290023201855 0.005270034843205575
5 0.37642546403712296 0.3039253048780488 0.008716647331786544 0.005084930313588851
5 0.36687790023201855 0.3026557055749129 0.0070722157772621815 0.006435104529616725
5 0.3729712877030163 0.30048562717770033 0.006642981438515082 0.004552482578397213
5 0.3758483178654292 0.2947952961672474 0.008251160092807424 0.0062739547038327525
5 0.35572940835266825 0.3056260888501742 0.014301044083526683 0.009026567944250871
4 0.37319025522041765 0.30928462543554003 0.010741009280742458 0.008494120209059234
5 0.3622810324825986 0.2926502613240418 0.006300754060324826 0.004414198606271777
5 0.3658077146171694 0.29612369337979094 0.00742314385150812 0.004808362369337979
4 0.42232888631090487 0.2501480836236934 0.01066560324825986 0.008868684668989548
5 0.42171983758700693 0.24210148083623695 0.006518271461716938 0.005156794425087108
5 0.4273883410672854 0.24385344076655055 0.006622679814385151 0.004883493031358885
5 0.43219547563805105 0.24034843205574916 0.0063805104408352666 0.0038675958188153312
5 0.4343227958236659 0.24418662891986065 0.007162122969837587 0.005268945993031359
3 0.4918720997679814 0.25088196864111495 0.003744199535962877 0.0038959059233449477
3 0.4902407192575406 0.2572909407665505 0.0043097447795823664 0.00595383275261324
5 0.526183294663573 0.5072626306620209 0.009836136890951275 0.007807055749128921
5 0.5388602088167054 0.509309668989547 0.010256670533642692 0.006951219512195122
3 0.5517966937354989 0.48253157665505225 0.0030263921113689095 0.004855182926829268
3 0.4726537122969838 0.5682665505226481 0.005346577726218097 0.005691419860627178
4 0.4675449535962877 0.5667051393728223 0.006220997679814385 0.006704050522648083
3 0.46506380510440837 0.5648573606271776 0.0047839327146171695 0.005432273519163763
4 0.43620939675174014 0.53709712543554 0.0065385730858468685 0.005867813588850174
4 0.42941850348027844 0.534102787456446 0.006377610208816705 0.006128048780487805
4 0.4414660672853828 0.5334418554006969 0.007953886310904873 0.006304442508710801
3 0.43227668213457077 0.5357262630662021 0.003999419953596288 0.005035932055749129
3 0.42975203016241303 0.5307741724738676 0.005717807424593968 0.004610191637630662
5 0.4639689675174014 0.5486465592334495 0.00619054524361949 0.0038763066202090594
5 0.46398491879350345 0.5541267421602788 0.005446635730858469 0.0038959059233449477
5 0.45588022041763343 0.5544729965156794 0.006337006960556845 0.004486062717770035
4 0.4755495939675174 0.5241779181184669 0.005192865429234339 0.0046297909407665505
4 0.48064820185614854 0.5229311846689896 0.004372099767981438 0.003514808362369338
3 0.4732569605568445 0.5228005226480836 0.0036528422273781904 0.002656794425087108
3 0.47823520881670534 0.5248257839721254 0.0021360208816705336 0.0035507404181184666
4 0.4631902552204176 0.4552384581881533 0.004031322505800464 0.005277656794425087
3 0.4674231438515081 0.4550762195121951 0.005040603248259861 0.004845383275261324
3 0.47062354988399074 0.45319250871080136 0.005477088167053365 0.0035964721254355403
5 0.40329176334106726 0.4313196864111498 0.011044083526682133 0.005256968641114983
5 0.4200580046403712 0.34266659407665506 0.007430394431554525 0.004781141114982578
5 0.4164675174013921 0.3471853222996516 0.0043285962877030165 0.003446210801393728
5 0.41214617169373546 0.3430150261324042 0.00470707656612529 0.003846907665505226
5 0.3860730858468678 0.353533318815331 0.009622969837587007 0.006191202090592335
5 0.3827131670533643 0.360352787456446 0.01689385150812065 0.007429224738675959
4 0.4139849187935035 0.3343074912891986 0.008739849187935035 0.005559668989547038
3 0.23623984918793503 0.2822844076655052 0.004592517401392111 0.005573824041811846
3 0.2379219837587007 0.28127939895470383 0.0038370069605568446 0.005521559233449477
3 0.2509715777262181 0.29213632404181183 0.004999999999999999 0.0053103222996515684
4 0.23954321345707658 0.2902449912891986 0.008119199535962877 0.007932273519163762
3 0.2332758120649652 0.2915156794425087 0.006393561484918794 0.005739329268292683
3 0.2424100928074246 0.28407229965156794 0.005941125290023202 0.006352351916376307
3 0.23811339907192575 0.2948050958188153 0.002775522041763341 0.00507948606271777
3 0.24216357308584688 0.29506641986062715 0.004580916473317866 0.004673344947735192
4 0.2526102088167053 0.29711019163763064 0.006421113689095128 0.006968641114982578
5 0.24744054524361947 0.31223105400696866 0.004273491879350348 0.003079268292682927
5 0.2425174013921114 0.3109081010452962 0.003857308584686775 0.003218641114982578
5 0.24024651972157773 0.29958841463414637 0.0058048143851508124 0.0036748693379790942
3 0.24577871229698378 0.29204050522648084 0.006003480278422273 0.007244120209059233
3 0.26086716937354987 0.2937478222996516 0.006918503480278422 0.0051557055749128925
3 0.25930394431554527 0.29755662020905926 0.005729408352668213 0.005756750871080139
4 0.19828016241299304 0.5196548344947736 0.0058468677494199536 0.006755226480836237
4 0.19283642691415312 0.5173595383275261 0.008835556844547563 0.006401350174216028
5 0.21167488399071926 0.512333405923345 0.008523781902552204 0.0033852351916376306
5 0.20587732018561486 0.5118554006968641 0.0026957656612529002 0.0030781794425087106
3 0.21185034802784225 0.49775696864111496 0.004293793503480278 0.00516441637630662
3 0.215919373549884 0.49845383275261324 0.004737529002320186 0.005358231707317074
4 0.26393126450116006 0.5183993902439024 0.005203016241299305 0.005027221254355401
5 0.2944402552204176 0.5962227787456446 0.005160962877030163 0.004800740418118467
4 0.2747331786542923 0.5758351480836237 0.006938805104408353 0.006555966898954704
5 0.2810571345707657 0.5905574912891987 0.005790313225058004 0.0031837979094076654
5 0.2995142111368909 0.5985659843205574 0.005677204176334106 0.0036824912891986064
5 0.3000319025522042 0.5945285278745644 0.005332076566125291 0.00352787456445993
4 0.28110063805104407 0.57645143728223 0.004933294663573087 0.00710801393728223
5 0.2905727958236659 0.5943771777003485 0.005962877030162413 0.004002613240418118
5 0.2857004060324826 0.5916790069686411 0.005416183294663574 0.004564459930313589
5 0.3618590487238979 0.5976154181184669 0.005133410672853828 0.004419642857142857
5 0.3671345707656613 0.5916909843205576 0.005104408352668214 0.003631315331010453
5 0.36948810904872387 0.5958493031358885 0.004998549883990719 0.003167465156794425
5 0.3633309164733179 0.5943488675958188 0.00466792343387471 0.0029192073170731707
5 0.42143706496519723 0.5634483885017422 0.004915893271461717 0.0031456881533101044
5 0.42594402552204175 0.5654006968641115 0.003868909512761021 0.0030248257839721256
5 0.4206191995359629 0.5608667247386759 0.003091647331786543 0.002387848432055749
5 0.4251464617169374 0.5619762630662021 0.0054611368909512755 0.0025609756097560977
4 0.40641821345707657 0.5735834059233449 0.006234048723897912 0.006177047038327526
4 0.40017111368909514 0.5740875435540069 0.005590197215777261 0.005799216027874564
3 0.3809483758700696 0.5694043989547038 0.0025710556844547564 0.004195339721254356
3 0.3835165313225058 0.5694588414634146 0.004241589327146172 0.0044631968641114985
4 0.350697505800464 0.5718662891986063 0.005613399071925754 0.003962325783972125
4 0.2677697215777262 0.6968793554006969 0.006828596287703017 0.007117813588850175
4 0.2690356728538283 0.6917182055749128 0.0068488979118329464 0.005190548780487805
4 0.27625 0.7096287020905923 0.006618329466357309 0.007104747386759582
4 0.27124709976798145 0.7064133275261324 0.007291183294663574 0.006257621951219512
4 0.28155017401392113 0.7066354529616724 0.005984628770301624 0.005887412891986063
4 0.2839530162412993 0.71259037456446 0.005609048723897911 0.006378484320557491
3 0.28513921113689095 0.7163610627177701 0.0040269721577726215 0.003587761324041812
3 0.29068735498839904 0.7134712543554007 0.00548723897911833 0.00706119337979094
5 0.29708381670533646 0.70334712543554 0.004518561484918793 0.003795731707317073
5 0.2926827146171694 0.7024858449477352 0.0042821925754060325 0.0038545296167247383
5 0.2908947215777262 0.7081870644599303 0.006534222737819026 0.0036160714285714286
4 0.2724332946635731 0.6978941637630662 0.00531177494199536 0.006922909407665505
4 0.2769663573085847 0.6967018728222997 0.005701856148491879 0.0066572299651567945
4 0.20000145011600928 0.673467987804878 0.006062935034802785 0.006986062717770035
4 0.20432714617169373 0.6712162456445993 0.005118909512761021 0.005506315331010453
3 0.19862093967517402 0.6687793989547038 0.003564385150812065 0.005203614982578397
5 0.20202436194895593 0.6676154181184669 0.005259570765661253 0.0030727351916376307
4 0.30023781902552205 0.6602025261324042 0.0053784802784222745 0.007143945993031359
4 0.296580626450116 0.6575827526132404 0.007299883990719258 0.006113893728222996
4 0.3049956496519722 0.657202743902439 0.00449245939675174 0.0044795296167247384
3 0.3064704176334107 0.6596417682926828 0.003388921113689095 0.00296602787456446
3 0.3079741879350348 0.6572234320557491 0.004303944315545243 0.0031761759581881537
4 0.28491154292343385 0.6533678135888501 0.007463747099767981 0.005557491289198606
4 0.29358613689095125 0.645030487804878 0.0067473897911832946 0.006106271777003484
4 0.2879640371229698 0.6457665505226481 0.004794083526682135 0.005335365853658537
3 0.2908961716937355 0.6367378048780488 0.003560034802784223 0.004322735191637631
3 0.292820475638051 0.635216681184669 0.00566415313225058 0.006103005226480836
4 0.3090733758700696 0.6377090592334496 0.005962877030162413 0.006972996515679443
4 0.30363254060324824 0.6357077526132404 0.005729408352668213 0.006469947735191638
3 0.3062050464037123 0.6357393292682927 0.0046302204176334105 0.005096907665505227
3 0.31478248259860786 0.6372920296167248 0.00581931554524362 0.005472560975609756
5 0.3266125290023202 0.6224771341463414 0.006424013921113689 0.005377831010452962
5 0.32086716937354987 0.6264699477351916 0.005774361948955917 0.0033797909407665503
5 0.333475928074246 0.6249455574912892 0.0047969837587006955 0.003955792682926829
5 0.3366212296983759 0.6256837979094076 0.0038529582366589325 0.0033068379790940766
5 0.3395330626450116 0.6238229529616725 0.003935614849187935 0.0037271341463414633
5 0.33681554524361945 0.629112587108014 0.0046302204176334105 0.002607796167247387
3 0.34558874709976795 0.6290864547038327 0.004476508120649652 0.005497604529616725
5 0.3589167633410673 0.6423061846689895 0.010379930394431554 0.005373475609756098
3 0.35957511600928077 0.6378702090592334 0.006698085846867749 0.004552482578397213
5 0.3688051044083527 0.6162467334494773 0.005524941995359629 0.003873040069686411
5 0.364633120649652 0.6128941637630662 0.0072665313225058 0.003610627177700348
5 0.35564965197215775 0.6231467770034843 0.006234048723897912 0.006870644599303136
5 0.3627508700696056 0.6161095383275261 0.003967517401392112 0.003202308362369338
5 0.35512325986078885 0.6154878048780488 0.009686774941995359 0.007488022648083624
4 0.46972447795823663 0.637172256097561 0.004943445475638052 0.005020688153310105
5 0.416911252900232 0.5676949041811846 0.0041197795823665895 0.0036258710801393727
4 0.4203088747099768 0.5674814895470384 0.0033077146171693736 0.003936193379790941
5 0.30676479118329464 0.47116398083623695 0.006487819025522042 0.003631315331010453
5 0.31120069605568446 0.4739078832752613 0.006435614849187935 0.00382948606271777
5 0.32537848027842226 0.4739078832752613 0.005381380510440835 0.004490418118466899
5 0.31543793503480283 0.4744544860627178 0.004344547563805105 0.00532883275261324
5 0.3201711136890951 0.47542900696864115 0.003799303944315545 0.0030476916376306618
5 0.31901537122969836 0.47271777003484317 0.004102378190255221 0.0029039634146341463
4 0.5327291183294663 0.4761411149825784 0.0059063225058004635 0.005511759581881533
3 0.7160585846867749 0.4631217334494774 0.004530162412993039 0.006236933797909408
4 0.7195519141531322 0.462131968641115 0.00638776102088167 0.006148736933797909
4 0.6989936194895592 0.4577232142857142 0.005614849187935035 0.005364764808362369
4 0.7035382830626451 0.4562826655052265 0.005362529002320185 0.00484647212543554
5 0.7138065545243619 0.4581293554006969 0.004157482598607889 0.0026317508710801394
5 0.7167285382830627 0.45623040069686416 0.00357453596287703 0.002582752613240418
3 0.8418706496519721 0.5132807055749129 0.007469547563805104 0.0060409407665505226
3 0.8356337006960557 0.5204300958188154 0.0065008700696055684 0.007988893728222996
3 0.8429263341067285 0.52551393728223 0.0055916473317865435 0.0056435104529616725
3 0.8486557424593968 0.5209810540069686 0.006294953596287702 0.008129355400696864
3 0.8407091067285383 0.5219740853658537 0.003829756380510441 0.006906576655052264
3 0.8090037703016242 0.5113741289198607 0.005620649651972158 0.002582752613240418
2 0.8098984918793504 0.5138915505226481 0.003564385150812065 0.0026121515679442507
2 0.81417343387471 0.5143325348432056 0.004633120649651972 0.002531576655052265
3 0.8137717517401393 0.5118858885017421 0.004901392111368909 0.002201655052264808
2 0.8204625870069605 0.5251023519163763 0.003939965197215778 0.0038588850174216026
3 0.8227334686774942 0.5260648954703833 0.0026029582366589327 0.0035376742160278746
3 0.8260194315545243 0.5250217770034843 0.004182134570765661 0.004821428571428571
2 0.8195272621809745 0.5230063153310105 0.0038863109048723897 0.0030357142857142857
3 0.8217183874709977 0.5208101045296167 0.002710266821345708 0.0036030052264808365
4 0.8496128190255221 0.59877068815331 0.006296403712296984 0.00577308362369338
5 0.857014211136891 0.5971929442508711 0.008122099767981438 0.003808797909407665
5 0.8551102088167054 0.5936520034843206 0.004618619489559165 0.002434668989547038
5 0.8453509280742459 0.5741441637630662 0.006128190255220417 0.003391768292682927
5 0.8368662993039443 0.5720111062717771 0.004153132250580047 0.003466898954703833
5 0.8405655452436195 0.5705956010452962 0.003734048723897912 0.0031837979094076654
4 0.8450014501160092 0.5701241289198606 0.004633120649651972 0.0032883275261324043
4 0.7467691415313226 0.7271744337979094 0.007250580046403712 0.006173780487804878
4 0.7535208816705337 0.7243325348432056 0.006756090487238979 0.006884799651567944
4 0.7496534222737818 0.7275827526132405 0.003372969837587007 0.003309015679442509
4 0.7464138631090488 0.7220775261324043 0.0038645591647331785 0.004150696864111498
4 0.7950449535962877 0.7279475174216028 0.006281902552204176 0.004890026132404181
4 0.7986281902552205 0.731809668989547 0.006116589327146172 0.004801829268292683
4 0.8050493039443155 0.7288882839721254 0.004456206496519722 0.005493249128919861
3 0.8010411832946636 0.7278756533101046 0.00621084686774942 0.005622822299651568
3 0.8499042923433874 0.7019109320557492 0.006754640371229698 0.006878266550522648
4 0.843223607888631 0.7028157665505226 0.006609628770301624 0.006651785714285714
4 0.7662354988399072 0.7053299216027874 0.004741879350348028 0.004482796167247387
4 0.7606293503480279 0.7059592770034843 0.006280452436194896 0.0037543554006968637
4 0.7594243039443155 0.7034113675958188 0.005287122969837587 0.005475827526132404
4 0.7571534222737819 0.7012184233449477 0.004530162412993039 0.0050675087108013935
4 0.7664834686774942 0.7014579703832752 0.006373259860788864 0.004823606271777003
4 0.7845591647331787 0.6752351916376306 0.005288573085846867 0.0056837979094076655
4 0.7896345707656612 0.6739699477351916 0.006550174013921114 0.004990200348432056
3 0.7776160092807424 0.6745459494773519 0.004957946635730858 0.004530705574912892
3 0.8055234918793504 0.6582284407665505 0.0050435034802784225 0.005708841463414634
3 0.8092444895591647 0.6576524390243903 0.005288573085846867 0.005278745644599302
3 0.8129190835266822 0.659223649825784 0.003963167053364269 0.00462434668989547
3 0.8137920533642691 0.6579573170731707 0.00402407192575406 0.0035376742160278746
3 0.7795736658932714 0.6667878919860627 0.007392691415313225 0.004849738675958188
3 0.6626450116009281 0.6072593641114983 0.004363399071925754 0.004968423344947736
3 0.6818938515081207 0.6021025696864112 0.004741879350348028 0.004934668989547039
3 0.666709686774942 0.6048159843205575 0.0036745939675174016 0.004028745644599303
5 0.6826609628770302 0.5929529616724739 0.004244489559164733 0.0054388066202090595
5 0.6768982018561486 0.5939155052264808 0.0037877030162412994 0.0056522212543554
5 0.6711731438515081 0.5895165505226481 0.0058207656612529 0.003943815331010453
5 0.6843314965197215 0.5885050087108014 0.005932424593967517 0.0033449477351916376
5 0.7220736658932715 0.6007023083623694 0.004889791183294663 0.0035006533101045296
5 0.727267981438515 0.6018216463414634 0.007321635730858469 0.003886106271777003
5 0.7322708816705336 0.6025413763066202 0.004720127610208816 0.002901785714285714
5 0.7352523201856149 0.6035398519163763 0.004454756380510441 0.003756533101045296
5 0.7386499419953596 0.6055574912891986 0.003481728538283063 0.002901785714285714
5 0.7413094547563804 0.6054213850174216 0.004873839907192575 0.002958405923344948
5 0.7561818445475639 0.5607229965156795 0.006832946635730858 0.005832970383275261
5 0.7660411832946635 0.5614024390243902 0.006744489559164733 0.005909189895470383
5 0.7727276682134571 0.5635921167247386 0.007859628770301625 0.005934233449477352
5 0.8118256960556846 0.5665831881533101 0.010068155452436197 0.007848432055749128
5 0.830878770301624 0.54821537456446 0.00945185614849188 0.005879790940766551
5 0.8312616009280742 0.5643815331010452 0.008464327146171693 0.0049673344947735185
5 0.8226479118329466 0.5437238675958188 0.008764501160092806 0.007114547038327527
5 0.8240081206496519 0.5546657229965157 0.01148636890951276 0.006584277003484321
4 0.881100638051044 0.567313806620209 0.006479118329466358 0.005478005226480837
4 0.8740559744779582 0.5682632839721254 0.005420533642691416 0.0053244773519163765
4 0.7983149651972158 0.5982436846689896 0.005539443155452436 0.0056696428571428575
3 0.7908947215777262 0.5977994337979093 0.00435469837587007 0.004648301393728222
3 0.7945243619489559 0.5989808362369338 0.004018271461716938 0.0059886759581881535
3 0.8026595127610209 0.5996101916376306 0.0046215197215777265 0.004596036585365853
5 0.8197143271461717 0.5666811846689895 0.00791038283062645 0.0074804006968641115
2 0.8309309744779583 0.5587173344947736 0.011567575406032482 0.005187282229965157
5 0.7959802784222738 0.41475283101045296 0.00760005800464037 0.004441419860627177
5 0.7748535382830627 0.4109505662020906 0.004456206496519722 0.003446210801393728
5 0.7414124129930394 0.404400043554007 0.0068677494199535965 0.005846036585365854
4 0.7237935034802784 0.4166539634146342 0.006540023201856149 0.005523736933797909
3 0.6395881670533643 0.3672484756097561 0.004601218097447796 0.006242378048780487
4 0.5975362529002319 0.5626785714285715 0.00958816705336427 0.008620426829268293
4 0.6065864269141532 0.5522789634146341 0.008610788863109049 0.008600827526132403
4 0.6015516241299305 0.5615047909407666 0.004504060324825986 0.006208623693379791
5 0.5966995359628771 0.5540352787456446 0.008095997679814384 0.005648954703832753
5 0.5813848607888631 0.5548421167247387 0.006010730858468678 0.0046940331010452965
5 0.5889385150812065 0.5525849303135888 0.006261600928074246 0.004952090592334494
5 0.6056496519721578 0.5442378048780487 0.005649651972157773 0.004410932055749129
5 0.5925855568445475 0.5475 0.0060556844547563805 0.004418554006968641
5 0.582618909512761 0.5510006533101046 0.006644431554524362 0.0034364111498257836
3 0.5721621229698376 0.5014939024390244 0.0082830626450116 0.00352243031358885
5 0.3451421113689095 0.6171069250871081 0.01015516241299304 0.005360409407665505
5 0.2768938515081207 0.6335964721254356 0.008022041763341068 0.006377395470383275
5 0.2819663573085847 0.6315886324041812 0.005268271461716937 0.0051959930313588846
5 0.27445620649651975 0.6309973867595818 0.006605278422273781 0.004488240418118467
5 0.27827001160092807 0.6292857142857142 0.0060556844547563805 0.00555095818815331
4 0.29946345707656613 0.6224945557491289 0.005662703016241299 0.004251959930313589
5 0.3471592227378191 0.6423355836236934 0.008256960556844547 0.004723432055749129
4 0.32760295823665897 0.3305781794425087 0.010368329466357308 0.00986824912891986
4 0.31843967517401395 0.3303854529616725 0.011901102088167052 0.011238022648083624
4 0.2831380510440835 0.34540722996515677 0.009345997679814385 0.007729747386759581
4 0.29164443155452435 0.3496831445993031 0.008834106728538283 0.006633275261324042
4 0.32778422273781904 0.3251502613240418 0.009272041763341067 0.008661803135888501
3 0.3443953016241299 0.32002504355400696 0.008030742459396752 0.006523301393728222
3 0.32698230858468674 0.3136378484320557 0.0047462296983758695 0.0038371080139372824
3 0.3343198955916473 0.3182153745644599 0.005694605568445476 0.0033438588850174217
3 0.3354147331786543 0.31536476480836234 0.004672273781902552 0.0033438588850174217
3 0.33873694895591644 0.3178037891986063 0.005184164733178654 0.00405705574912892
3 0.34976073085846865 0.3163240418118467 0.0047462296983758695 0.003947081881533101
3 0.3204466357308585 0.3476273954703833 0.007447795823665893 0.008222996515679442
5 0.3305959976798144 0.3572212543554007 0.009928944315545243 0.0048246951219512195
5 0.34110933874709976 0.3539046167247387 0.005841067285382831 0.005865635888501742
5 0.34078161252900235 0.3496559233449477 0.004015371229698376 0.0037282229965156797
5 0.3516966357308585 0.3487510888501742 0.011244199535962878 0.00498911149825784
5 0.283868909512761 0.35066964285714286 0.006716937354988399 0.007510888501742161
5 0.34479698375870066 0.3587020905923345 0.008249709976798143 0.006688806620209059
4 0.3416937354988399 0.3290156794425087 0.008761600928074246 0.005427918118466899
4 0.35527407192575405 0.31111607142857145 0.003796403712296984 0.004495862369337979
4 0.35677059164733177 0.3085942944250871 0.003868909512761021 0.0036182491289198605
4 0.3599825986078886 0.3087587108013937 0.0047462296983758695 0.0048246951219512195
2 0.4375304524361949 0.2151426393728223 0.009151682134570766 0.00819359756097561
2 0.43211861948955915 0.20509908536585367 0.00853538283062645 0.007400914634146341
3 0.37654727378190256 0.23242160278745644 0.006512470997679814 0.0044272648083623686
2 0.38415893271461715 0.23212434668989546 0.00624854988399072 0.0070045731707317075
5 0.35542778422273785 0.2407142857142857 0.009328596287703016 0.00515352787456446
4 0.3698593387470998 0.23840156794425088 0.008976218097447796 0.0066071428571428574
4 0.36339182134570763 0.24395252613240417 0.00976798143851508 0.0058144599303135884
2 0.4084034222737819 0.20652003484320558 0.0072157772621809745 0.005749128919860627
2 0.38217952436194896 0.14569686411149824 0.007568155452436194 0.007532665505226481
2 0.4175986078886311 0.1600685975609756 0.00624854988399072 0.0037663327526132407
5 0.3979756380510441 0.12425522648083624 0.009592517401392112 0.005088196864111498
5 0.3955118909512761 0.1214808362369338 0.00853538283062645 0.005351698606271777
5 0.37623984918793507 0.12405705574912891 0.0076566125290023195 0.004955357142857142
5 0.3822679814385151 0.12521341463414634 0.0052798723897911825 0.0043608449477351915
5 0.3789240139211137 0.12108449477351917 0.007743619489559164 0.004823606271777003
5 0.42815835266821345 0.14437608885017422 0.006599477958236659 0.0038327526132404185
5 0.3444199535962877 0.0621940331010453 0.010024651972157772 0.007130879790940766
5 0.3462224477958237 0.05615309233449478 0.008352668213457077 0.006404616724738676
5 0.34266096287703013 0.05361171602787457 0.008265661252900233 0.006866289198606272
5 0.35224477958236655 0.06255770905923344 0.008793503480278422 0.008120644599303136
5 0.4105872969837587 0.0758286149825784 0.008352668213457077 0.009573170731707317
3 0.39876015081206495 0.07120644599303136 0.006859048723897912 0.007196210801393729
3 0.4038167053364269 0.06991942508710801 0.005714907192575405 0.007790722996515679
3 0.39396751740139213 0.06919316202090593 0.010287122969837586 0.010035932055749128
3 0.3944083526682135 0.08946210801393728 0.0037804524361948954 0.00382948606271777
3 0.39458381670533643 0.08794316202090592 0.004836136890951277 0.004753919860627178
3 0.397133120649652 0.0891975174216028 0.0032540603248259864 0.005941855400696864
4 0.31193010440835267 0.07553135888501741 0.007298433874709976 0.009243249128919861
4 0.31421548723897913 0.07242813588850174 0.008001740139211138 0.008055313588850175
4 0.3201957656612529 0.07374891114982578 0.007298433874709976 0.008318815331010454
4 0.3203712296983759 0.06767421602787456 0.007298433874709976 0.009111498257839723
5 0.3167212877030163 0.051630008710801395 0.007385440835266821 0.005282012195121951
4 0.32138196055684454 0.04760344076655052 0.00791328306264501 0.009111498257839723
4 0.3337804524361949 0.054535060975609756 0.008793503480278422 0.008715156794425088
3 0.28137470997679814 0.07480509581881532 0.008090197215777263 0.008583405923344948
3 0.28335266821345706 0.0713381968641115 0.0067705916473317865 0.00851698606271777
3 0.2874419953596288 0.0725272212543554 0.005803364269141532 0.006932709059233449
3 0.29029872389791184 0.08002068815331011 0.004483758700696056 0.008187064459930313
3 0.29412412993039444 0.07942617595818816 0.007209976798143851 0.007262630662020906
3 0.2607105568445475 0.08982578397212544 0.005450986078886311 0.008781576655052265
3 0.2633932714617169 0.09230074041811848 0.004836136890951277 0.010564024390243901
3 0.26598607888631093 0.08866942508710801 0.006506670533642691 0.008055313588850175
3 0.2684483758700696 0.09041920731707316 0.006506670533642691 0.007064459930313589
5 0.24162993039443156 0.06562717770034844 0.006682134570765661 0.005810104529616725
5 0.31087441995359627 0.05146559233449478 0.010464037122969836 0.00680095818815331
3 0.3044562064965198 0.07209821428571428 0.0067705916473317865 0.006602787456445993
5 0.38077871229698373 0.06892857142857142 0.012398491879350349 0.007394381533101045
5 0.3671940255220418 0.0882741724738676 0.007385440835266821 0.005941855400696864
5 0.3522012761020882 0.08563262195121951 0.007298433874709976 0.006734538327526133
5 0.35796113689095127 0.09603114111498258 0.006155742459396752 0.01247822299651568
5 0.3645562645011601 0.07021668118466899 0.004221287703016241 0.006008275261324042
5 0.36723752900232015 0.07008384146341463 0.0036049883990719256 0.004952090592334494
5 0.36873259860788865 0.06585910278745645 0.008352668213457077 0.005480182926829268
3 0.36583091647331784 0.059685322299651566 0.007826276102088166 0.006866289198606272
4 0.36816125290023205 0.05631859756097561 0.011782192575406032 0.009375
4 0.35787267981438514 0.05631859756097561 0.012310034802784222 0.009903092334494774
5 0.35813660092807426 0.05248911149825784 0.008968967517401392 0.006469947735191638
5 0.3406830046403712 0.04476371951219512 0.008177204176334107 0.00554551393728223
5 0.332417343387471 0.04159516550522648 0.0071229698375870065 0.005810104529616725
5 0.3233164153132251 0.040670731707317075 0.005450986078886311 0.004753919860627178
5 0.3532120069605568 0.0696875 0.007209976798143851 0.0062717770034843206
5 0.5317531902552204 0.16984647212543552 0.006242749419953596 0.005348432055749129
5 0.5350507540603249 0.16836019163763066 0.007562354988399072 0.007130879790940766
5 0.541074535962877 0.165191637630662 0.006595127610208816 0.00554551393728223
5 0.545469837587007 0.16373911149825784 0.007298433874709976 0.007130879790940766
4 0.5549666473317866 0.1574335801393728 0.006946055684454756 0.007724303135888502
5 0.5531641531322505 0.15056729094076654 0.004747679814385151 0.004291158536585365
4 0.5586165893271462 0.15825892857142856 0.006859048723897912 0.006206445993031359
4 0.5612978538283062 0.1563773954703833 0.011870649651972157 0.007460801393728222
5 0.556637180974478 0.15106271777003483 0.0053639791183294665 0.005282012195121951
5 0.5608135150812065 0.15159081010452963 0.005627900232018561 0.0050174216027874564
5 0.588687645011601 0.1647952961672474 0.008616589327146172 0.005282012195121951
5 0.5861383410672855 0.15974412020905923 0.007737819025522042 0.006008275261324042
5 0.591017981438515 0.15855618466898955 0.007649361948955917 0.007329050522648084
5 0.546745939675174 0.21111062717770035 0.005978828306264501 0.0046875
5 0.5951943155452436 0.19892966027874565 0.00791328306264501 0.005678353658536585
5 0.6122085266821345 0.18384255226480836 0.0067705916473317865 0.006932709059233449
5 0.6184512761020882 0.18948824041811846 0.006595127610208816 0.005810104529616725
5 0.6188036542923434 0.18549324912891985 0.012926334106728539 0.0046875
5 0.6232874129930394 0.18948824041811846 0.010639501160092808 0.0050174216027874564
4 0.6312891531322505 0.19602460801393728 0.014683874709976799 0.005678353658536585
5 0.6401711136890951 0.16502613240418118 0.006418213457076566 0.005215592334494774
5 0.6385440835266821 0.1626491724738676 0.005627900232018561 0.004952090592334494
5 0.6387630510440835 0.1601077961672474 0.0067705916473317865 0.004885670731707317
5 0.7408932714617169 0.13280705574912893 0.010200116009280743 0.006008275261324042
5 0.6992154872389791 0.08157229965156794 0.004572215777262181 0.005215592334494774
3 0.7451580626450115 0.07840265679442508 0.0050116009280742465 0.004952090592334494
3 0.7489399651972157 0.07856816202090593 0.0037804524361948954 0.0063381968641114984
3 0.7476203596287703 0.07599303135888501 0.005714907192575405 0.005150261324041811
3 0.7488950116009281 0.07285714285714286 0.007209976798143851 0.005215592334494774
3 0.7477958236658933 0.0694566637630662 0.008880510440835267 0.004753919860627178
3 0.7587877030162413 0.08385017421602788 0.0037804524361948954 0.0050174216027874564
3 0.7602827726218098 0.08358558362369338 0.004660672853828306 0.005810104529616725
3 0.7642836426914154 0.08388283972125435 0.004221287703016241 0.005083841463414634
3 0.7514008120649652 0.07823824041811846 0.004483758700696056 0.006206445993031359
3 0.7572926334106729 0.08193488675958188 0.006418213457076566 0.00382948606271777
3 0.7622607308584687 0.08058144599303135 0.008616589327146172 0.0037630662020905928
5 0.749907192575406 0.038491942508710804 0.008529582366589327 0.007262630662020906
5 0.7553581786542923 0.0359168118466899 0.010991879350348028 0.008715156794425088
5 0.7432685614849188 0.03664307491289198 0.007562354988399072 0.006998040069686411
5 0.7211542923433875 0.028126088850174216 0.004836136890951277 0.003169642857142857
5 0.7227798723897911 0.02561737804878049 0.004924593967517402 0.004489329268292683
5 0.7256380510440835 0.026607142857142857 0.0039573665893271465 0.0035648954703832755
5 0.71477813225058 0.05651676829268292 0.006859048723897912 0.00396123693379791
5 0.7149100928074247 0.05367704703832753 0.0067705916473317865 0.004092987804878049
5 0.7312659512761022 0.03951546167247387 0.002901682134570766 0.002706881533101045
5 0.7355742459396752 0.04189242160278746 0.005891821345707657 0.004291158536585365
5 0.8476841647331786 0.08447735191637631 0.0071229698375870065 0.005743684668989547
3 0.8450464037122969 0.06529725609756099 0.0053639791183294665 0.005941855400696864
3 0.8234150232018562 0.07302264808362369 0.006418213457076566 0.006602787456445993
3 0.8243822505800463 0.0673442944250871 0.009760730858468679 0.0063381968641114984
3 0.834318445475638 0.06674978222996515 0.006067285382830627 0.005941855400696864
3 0.8234150232018562 0.07671929442508711 0.006067285382830627 0.008187064459930313
3 0.8255698955916474 0.07681837979094076 0.0033410672853828303 0.007329050522648084
1 0.8662819025522042 0.0029377177700348435 0.008441125290023202 0.004819250871080139