1 0.003938730853391685 0.6701171875 0.00787746170678337 0.007421875
2 0.003172866520787746 0.6619140625 0.006345733041575492 0.013671875
2 0.08464770240700221 0.7677441406250001 0.010126914660831503 0.008011718750000086
1 0.11180525164113782 0.817353515625 0.006444201312910294 0.006162109374999858
3 0.1855645514223195 0.745662109375 0.011275711159737412 0.013968750000000085
4 0.24114223194748358 0.638845703125 0.00920568927789938 0.011503906249999928
4 0.24517067833698028 0.637716796875 0.01081619256017502 0.010886718749999958
3 0.2544901531728665 0.62631640625 0.007365426695842419 0.00780664062500005
3 0.2533391684901532 0.619845703125 0.007824945295404862 0.011298828125000071
3 0.2610503282275711 0.628267578125 0.010356673960612675 0.012531249999999971
3 0.2612800875273523 0.62148828125 0.009894967177242845 0.012119140625000035
4 0.15377461706783369 0.79848046875 0.012483588621444192 0.009669921875000043
4 0.15109190371991243 0.794611328125 0.009595185995623612 0.0070917968750000785
4 0.1577986870897155 0.7924941406249999 0.009800875273522969 0.009117187500000058
4 0.1561466083150985 0.78761328125 0.009800875273522969 0.006722656250000014
3 0.13654485776805256 0.812248046875 0.003610503282275711 0.00552539062500017
3 0.13809190371991245 0.811970703125 0.004229759299781166 0.006814453124999886
3 0.1365951859956236 0.8064003906250001 0.0053654266958424466 0.006722656250000014
3 0.14180743982494529 0.811603515625 0.004643326039387314 0.00497265624999983
3 0.1410328227571116 0.806123046875 0.0051575492341356536 0.005433593749999943
2 0.22821225382932162 0.8344414062500001 0.006190371991247257 0.0064453125
2 0.23259737417943102 0.7925410156250001 0.0054682713347920745 0.006261718750000078
4 0.15928008752735226 0.6177890625 0.010908096280087508 0.00880859375000007
3 0.15876148796498904 0.611685546875 0.011253829321663033 0.005873046874999943
3 0.11486870897155357 0.63378515625 0.009350109409190377 0.006800781249999943
3 0.4047067833698031 0.5315546875 0.00657986870897159 0.010044921875000057
3 0.4102472647702407 0.5311679687499999 0.007271334792122542 0.01112695312500005
3 0.4093807439824945 0.526841796875 0.008310722100656458 0.011746093750000065
3 0.4178643326039387 0.5266875 0.008656455142231935 0.011435546875000036
3 0.4268687089715536 0.515251953125 0.007964989059080982 0.012671875000000022
3 0.4339671772428884 0.514400390625 0.007619256017505506 0.011589843750000028
3 0.43855579868708966 0.5123925781249999 0.009868708971553591 0.012517578125000029
3 0.4444420131291028 0.508375 0.011947483588621475 0.009427734375000085
3 0.4047067833698031 0.522205078125 0.00657986870897159 0.006800781249999943
3 0.406437636761488 0.517259765625 0.01004157549234133 0.006181640624999929
3 0.40505251641137857 0.551955078125 0.008656455142231935 0.014373046875000028
3 0.4092954048140044 0.54824609375 0.008829321663019673 0.013136718750000043
3 0.4146630196936543 0.55041015625 0.008483588621444197 0.011900390625000057
2 0.3837571115973742 0.54252734375 0.014544857768052472 0.012826171875000014
2 0.3569190371991247 0.571271484375 0.011426695842450723 0.009117187500000058
2 0.42435886214442015 0.603802734375 0.008483588621444197 0.006800781249999943
4 0.47283807439824943 0.54816796875 0.010214442013129167 0.009890625000000064
4 0.4797636761487965 0.5513359375 0.007792122538293145 0.011900390625000057
3 0.485910284463895 0.554041015625 0.0076192560175054064 0.010509765625000079
4 0.48530415754923417 0.548400390625 0.011253829321663083 0.011589843750000028
4 0.492054704595186 0.5487089843749999 0.008137855579868621 0.010353515625000042
3 0.4782035010940919 0.53132421875 0.008829321663019774 0.014527343750000022
3 0.47768490153172866 0.527228515625 0.006407002188183752 0.011281250000000043
3 0.4840919037199125 0.52916015625 0.0039824945295404415 0.006490234374999915
3 0.48703501094091906 0.529314453125 0.006407002188183752 0.008654296875000078
3 0.4883326039387308 0.5300878906250001 0.0062341356673960135 0.007726562500000078
3 0.4923150984682714 0.527228515625 0.007271334792122443 0.00880859375000007
3 0.48989059080962805 0.522205078125 0.005886214442013049 0.007417968749999915
2 0.4296389496717724 0.49825195312500004 0.01004157549234133 0.010818359375000064
2 0.36990590809628004 0.328564453125 0.013851203501094131 0.011435546875000036
3 0.3731947483588621 0.31743750000000004 0.005194748358862097 0.005873046875000032
3 0.3718971553610504 0.313728515625 0.010214442013129066 0.005873046875000032
3 0.37466739606126914 0.31419335937500004 0.006059080962800887 0.006181640625000017
3 0.3772647702407002 0.317669921875 0.004328227571116018 0.005718750000000039
3 0.38029321663019694 0.31743750000000004 0.0048490153172866205 0.005253906250000018
3 0.3786498905908096 0.313806640625 0.005713347921225411 0.004791015625000039
3 0.38176586433260395 0.313728515625 0.0064070021881838515 0.005253906250000018
2 0.514910284463895 0.333666015625 0.010908096280087607 0.00865429687499999
2 0.45162800875273523 0.35599609374999996 0.011080962800875295 0.009427734374999996
1 0.44366301969365424 0.242873046875 0.0069256017505470654 0.009427734374999996
2 0.4533588621444201 0.24619531249999999 0.0062341356673960135 0.00865429687499999
2 0.5429584245076586 0.37299609375 0.008829321663019774 0.007572265624999996
3 0.5292472647702406 0.319259765625 0.00425601750547042 0.005699218749999968
3 0.5330568927789934 0.31716015625000005 0.005601750547046032 0.006298828125
3 0.5356892778993436 0.31716015625000005 0.003695842450765936 0.006699218750000036
3 0.5359693654266958 0.31316015625000004 0.0051531728665208274 0.0039003906249999607
2 0.5420065645514224 0.30855273437499997 0.00831072210065636 0.007880859374999983
2 0.5517899343544859 0.30476562500000004 0.01402407002188187 0.011435546875000036
3 0.5951597374179431 0.298275390625 0.015582056892779002 0.013291015625000036
2 0.5766345733041576 0.313419921875 0.011080962800875345 0.006490234375000003
2 0.5011466083150984 0.37059960937499997 0.010389496717724194 0.006490234375000003
2 0.5135251641137856 0.361791015625 0.008829321663019774 0.008037109375000018
2 0.44643326039387304 0.391 0.010389496717724243 0.010199218749999961
2 0.5042625820568928 0.237927734375 0.012120350109409261 0.012517578125000029
3 0.4924879649890591 0.23112695312499998 0.00415536105032818 0.006335937500000011
3 0.4916236323851203 0.22819140624999998 0.007964989059080883 0.004791015625000039
3 0.4901509846827133 0.22517773437500002 0.011947483588621523 0.004945312500000032
3 0.4954310722100656 0.22880859375 0.007964989059080883 0.006644531249999997
3 0.4938730853391685 0.22540820312499998 0.0062341356673960135 0.006644531249999997
2 0.4760393873085339 0.19898242187499998 0.015582056892779002 0.00819140625000001
2 0.5077242888402627 0.264431640625 0.00415536105032818 0.006800781250000032
1 0.4621028446389497 0.38937695312500004 0.004328227571115918 0.005099609375000025
1 0.4750875273522976 0.38350390624999997 0.004673960612691395 0.005718750000000039
1 0.4588993435448578 0.35043359374999994 0.0048490153172866205 0.003863281250000039
1 0.615851203501094 0.16173828124999998 0.00986870897155369 0.006644531249999997
2 0.6671006564551422 0.14751953125 0.00986870897155369 0.009117187500000012
1 0.6849343544857768 0.13755273437499999 0.008137855579868621 0.005253906250000018
2 0.6152450765864332 0.22618164062499999 0.010041575492341429 0.005718750000000039
2 0.6141203501094091 0.215517578125 0.009177242888402538 0.012208984375000042
2 0.8225798687089715 0.22525390625 0.01056236323851213 0.007572265624999996
3 0.808816192560175 0.21799023437499998 0.014890590809628049 0.010972656249999968
3 0.8418862144420132 0.33482421875 0.009695842450765952 0.007880859374999983
2 0.8417986870897156 0.36588671875 0.01159956236323856 0.008808593749999982
2 0.7951378555798686 0.422216796875 0.0076192560175054064 0.005253906249999929
2 0.8413654266958425 0.613693359375 0.008656455142232036 0.006800781249999943
2 0.8353063457330416 0.604267578125 0.005540481400437573 0.005873046874999943
3 0.8437045951859955 0.597466796875 0.01402407002188187 0.011435546875000036
3 0.7172253829321663 0.3041484375 0.01315973741794318 0.010199218749999961
3 0.7055382932166303 0.28544921875 0.007098468271334705 0.005564453124999957
3 0.7078752735229759 0.282203125 0.0090043763676148 0.004017578125000032
3 0.705796498905908 0.27803125 0.009695842450765952 0.004328124999999972
3 0.708741794310722 0.269994140625 0.007964989059080883 0.006181640625000017
3 0.7055382932166303 0.26698046875000003 0.007792122538293145 0.003863281250000039
3 0.7111641137855581 0.27934375 0.005886214442013049 0.005099609375000025
3 0.7135010940919037 0.273240234375 0.006407002188183752 0.005873046875000032
4 0.7140218818380744 0.265126953125 0.00744420131291038 0.006335937500000011
3 0.7173107221006564 0.280888671875 0.005713347921225311 0.003863281250000039
3 0.7214660831509848 0.2786484375 0.006407002188183752 0.006800781250000032
3 0.7169649890590809 0.2758671875 0.005021881838074359 0.004945312500000032
4 0.7207746170678336 0.26844921875 0.005713347921225311 0.004945312500000032
2 0.7037199124726478 0.3012890625 0.011774617067833785 0.008808593749999982
2 0.6831159737417943 0.34232031249999995 0.010041575492341429 0.01112695312499996
2 0.6363676148796499 0.371451171875 0.010041575492341429 0.010044921874999968
1 0.678269146608315 0.38659570312499997 0.005886214442013049 0.005099609375000025
1 0.6799124726477024 0.38195898437500003 0.004328227571115918 0.0032460937499999786
3 0.7109912472647701 0.25260742187499996 0.010389496717724194 0.009736328124999982
3 0.6263260393873086 0.150302734375 0.012120350109409261 0.010353515624999999
3 0.6522975929978119 0.140333984375 0.012120350109409261 0.009582031249999989
3 0.6544617067833699 0.13191210937500003 0.012984682713347953 0.006955078124999981
2 0.6838096280087528 0.1302890625 0.007964989059080883 0.006181640625000017
2 0.7284792122538293 0.25639453125 0.012120350109409261 0.0074179687500000036
2 0.6922932166301968 0.2135859375 0.0090043763676148 0.0074179687500000036
1 0.675323851203501 0.299744140625 0.00415536105032818 0.0032460937499999786
3 0.6909080962800875 0.37825 0.0090043763676148 0.011281250000000043
3 0.6955820568927791 0.38033593750000005 0.00657986870897149 0.006800781250000032
3 0.7040656455142231 0.37577734375 0.010389496717724194 0.011281250000000043
2 0.7422428884026259 0.2631171875 0.01056236323851213 0.007880859374999983
3 0.7565273522975929 0.253767578125 0.015582056892779002 0.012054687499999961
3 0.7695995623632385 0.245267578125 0.012638949671772476 0.014835937500000007
3 0.7485623632385121 0.221236328125 0.012120350109409261 0.011900390624999969
2 0.7352319474835887 0.21799023437499998 0.00831072210065636 0.008499999999999997
3 0.6587024070021883 0.336369140625 0.013851203501094131 0.010972656249999968
2 0.7073566739606126 0.42739453125000004 0.007271334792122443 0.008191406249999922
2 0.7099518599562362 0.422294921875 0.0062341356673960135 0.00479101562499995
2 0.7135010940919037 0.42878515625 0.007098468271334705 0.006027343749999936
4 0.2723413566739606 0.539978515625 0.012638949671772476 0.010818359375000064
3 0.27303282275711166 0.56300390625 0.0077921225382932445 0.009273437499999915
3 0.28212253829321665 0.56230859375 0.00657986870897159 0.009736328125000072
3 0.2831619256017506 0.5561269531249999 0.007271334792122542 0.010353515625000042
3 0.28454704595186 0.5426054687499999 0.007271334792122542 0.01112695312500005
3 0.26783807439824947 0.5358046875 0.011253829321662984 0.009273437499999915
3 0.3532844638949672 0.512623046875 0.008310722100656458 0.010509765625000079
3 0.3528512035010941 0.504046875 0.00813785557986872 0.0075722656250000854
3 0.360816192560175 0.5117734375 0.005367614879649934 0.010044921875000057
3 0.37457986870897153 0.5189609374999999 0.007271334792122542 0.009582031250000077
3 0.3815929978118162 0.5160234375 0.006752735229759328 0.009273437499999915
3 0.3770897155361051 0.5115429687499999 0.00744420131291028 0.008345703124999914
3 0.3591706783369803 0.50443359375 0.0062341356673960135 0.008345703124999914
3 0.23996280087527355 0.468810546875 0.009522975929978115 0.008191406249999922
3 0.24559080962800872 0.46912109375 0.0090043763676149 0.0075722656250000854
3 0.2525164113785558 0.4722109375 0.0062341356673960135 0.009427734375000085
3 0.24879431072210062 0.46154882812500003 0.008483588621444197 0.006027343749999936
3 0.370164113785558 0.588271484375 0.0032888402625821005 0.002318359374999979
3 0.37899562363238515 0.595998046875 0.012638949671772476 0.012826171875000014
3 0.3734551422319475 0.585490234375 0.008483588621444197 0.00479101562499995
3 0.37700437636761486 0.5909765625000001 0.005886214442013149 0.007109374999999929
3 0.3796870897155361 0.586572265625 0.007098468271334804 0.005099609374999936
2 0.37890809628008754 0.5665585937500001 0.013159737417943079 0.011435546875000036
3 0.37284901531728665 0.612921875 0.012120350109409163 0.011435546875000036
1 0.3026411378555799 0.370755859375 0.004673960612691494 0.004945312500000032
1 0.2869715536105033 0.416189453125 0.004501094091903756 0.005564453124999957
2 0.2705229759299781 0.40336328125 0.009695842450765853 0.007109374999999973
4 0.5469474835886214 0.46383789062499997 0.007080962800875202 0.007181640625000085
3 0.5510262582056892 0.46350390625 0.005365426695842546 0.008810546874999936
3 0.5480218818380744 0.45823632812500004 0.007080962800875202 0.007853515625000007
3 0.5538687089715537 0.458427734375 0.008905908096280047 0.007470703125
3 0.49705689277899345 0.4236171875 0.006008752735229767 0.006416015625000071
3 0.5017242888402627 0.42184375 0.004612691466083135 0.005937499999999929
3 0.5065536105032822 0.359931640625 0.012553610503282252 0.007757812499999961
3 0.5018862144420131 0.225236328125 0.010943107221006613 0.005363281250000007
1 0.5568730853391685 0.09221679687500002 0.004183807439824922 0.005171875000000004
2 0.5397592997811815 0.33479296875 0.012446389496717749 0.009958984374999957
1 0.48246608315098466 0.47221875 0.005579868708971553 0.004404296875000035
1 0.48643544857768056 0.482369140625 0.004505470459518632 0.004404296875000035
2 0.587398249452954 0.369078125 0.004719912472647639 0.005363281250000007
2 0.5064463894967177 0.3783671875 0.008905908096280047 0.005937500000000017
3 0.28998468271334793 0.668064453125 0.0026039387308534117 0.003626953124999943
3 0.2909759299781182 0.66494921875 0.0041663019693654185 0.005207031249999971
3 0.2934223194748359 0.6714121093750001 0.0036455142231947165 0.0047421874999999504
3 0.29404814004376373 0.66959765625 0.0032297592997812294 0.003347656250000064
3 0.29785120350109406 0.670294921875 0.003750547045951832 0.005857421874999958
3 0.295089715536105 0.6664355468750001 0.0032297592997812294 0.003347656250000064
3 0.2990481400437637 0.6644375 0.004897155361050352 0.005300781250000064
3 0.29404814004376373 0.6627167968750001 0.005312910284463939 0.004462890625000071
3 0.2935798687089715 0.800341796875 0.0031247264770241138 0.004462890625000071
3 0.29607877461706783 0.7992265625 0.00437636761487965 0.004462890625000071
3 0.28628665207877463 0.79578515625 0.005210065645514211 0.0061367187500000146
3 0.2972253829321663 0.7959238281250001 0.00499999999999998 0.004927734374999914
3 0.283109409190372 0.793505859375 0.002188183807439825 0.0034414062499999788
3 0.28347483588621447 0.7904375 0.005833698030634542 0.00399804687500005
3 0.2831619256017506 0.7868105468750001 0.005210065645514211 0.0034414062499999788
3 0.28628665207877463 0.784998046875 0.005625820568927798 0.00390625
3 0.28836980306345733 0.7915546875 0.004792122538293237 0.005857421874999958
2 0.2939431072210066 0.7921582031250001 0.004271334792122534 0.0029765624999999575
2 0.29071553610503287 0.7864863281250001 0.004479212253829278 0.005021484375000007
3 0.3215514223194748 0.78723046875 0.017398249452954095 0.010972656250000056
2 0.4068249452954048 0.8257285156249999 0.0041663019693654185 0.00390625
2 0.3595251641137856 0.8086640624999999 0.008750547045951813 0.00957812500000017
3 0.5028446389496718 0.7760878906249999 0.005792122538293272 0.006462890625000028
3 0.5039037199124726 0.7705195312500001 0.008354485776805315 0.008451171875000085
3 0.5080787746170679 0.775193359375 0.006459518599562459 0.008650390624999994
4 0.5130371991247265 0.776037109375 0.009245076586433261 0.008748046874999993
3 0.5116433260393873 0.7696757812499999 0.005568927789934315 0.009941406249999929
3 0.5173238512035011 0.7690781250000001 0.007573304157549162 0.010339843749999921
3 0.5218293216630198 0.7669140625 0.007862144420131355 0.00942968749999995
3 0.5238358862144421 0.7600800781249999 0.007288840262582145 0.0054101562499999645
2 0.596129102844639 0.76052734375 0.007017505470459455 0.006363281249999986
2 0.5642735229759299 0.7497910156250001 0.007908096280087599 0.006363281249999986
2 0.5277943107221007 0.8165507812499999 0.006682713347921218 0.006263671874999943
4 0.5363150984682713 0.6795996093750001 0.007684901531728641 0.008351562500000043
4 0.5225601750547045 0.6770644531250001 0.006905908096280175 0.005269531249999915
4 0.5317483588621444 0.67736328125 0.006571115973741739 0.007058593750000064
4 0.5324179431072209 0.67323828125 0.005680525164113793 0.0047714843750000565
4 0.5374288840262582 0.674927734375 0.005457330415754836 0.006562500000000071
2 0.6356192560175055 0.623271484375 0.015752735229759254 0.010490234375000008
2 0.5863019693654267 0.6112109375 0.005816192560175039 0.006273437499999979
3 0.6370109409190373 0.6401425781250001 0.007875273522975882 0.010923828125000057
3 0.6106586433260394 0.587255859375 0.00508971553610508 0.0059492187500000075
3 0.6151509846827133 0.6467734375 0.004733041575492365 0.004031250000000064
3 0.6182253829321663 0.646189453125 0.004352297592997883 0.006556640624999943
3 0.6204113785557986 0.6434960937499999 0.005210065645514311 0.0046503906250000785
2 0.6150962800875273 0.644392578125 0.004190371991247185 0.002962890625000014
2 0.6164835886214441 0.640798828125 0.005658643326039316 0.004322265625000021
2 0.6325054704595187 0.634267578125 0.011153172866520844 0.008742187500000043
2 0.61909409190372 0.624361328125 0.00826914660831509 0.005632812500000028
2 0.6297308533916849 0.608359375 0.006256017505470491 0.006652343750000078
1 0.5974945295404814 0.641673828125 0.0038096280087527032 0.002962890625000014
2 0.6146345733041576 0.65723828125 0.010881838074398154 0.009615234374999915
2 0.6171903719912474 0.637400390625 0.0062035010940919835 0.0031562499999999716
3 0.6154223194748358 0.58687109375 0.006365426695842483 0.005244140625000071
3 0.6171094091903719 0.591193359375 0.004951859956236347 0.005537109375000071
3 0.7363304157549233 0.591623046875 0.0064726477024069865 0.006556640624999943
3 0.7374201312910285 0.58694921875 0.005746170678337028 0.005777343749999986
3 0.6874551422319475 0.5615 0.0076367614879649095 0.007855468750000049
3 0.6893457330415755 0.564974609375 0.0053085339168490635 0.005712890625
3 0.695417943107221 0.5568593749999999 0.008146608315098372 0.008179687500000022
3 0.6925820568927791 0.555884765625 0.0059649890590810105 0.008310546875000036
3 0.7006192560175054 0.5577363281250001 0.005746170678337028 0.006816406249999929
3 0.693781181619256 0.5639023437499999 0.0064726477024069865 0.006167968749999986
2 0.718765864332604 0.54335546875 0.014109409190371895 0.007400390625000064
2 0.665343544857768 0.605060546875 0.007054704595185948 0.005388671875000028
2 0.687636761487965 0.615091796875 0.004800875273522888 0.006751953124999943
3 0.6950919037199124 0.600744140625 0.0034179431072209826 0.002726562500000007
3 0.7014923413566739 0.602171875 0.005455142231947548 0.0037656249999999504
1 0.695636761487965 0.529431640625 0.00567396061269153 0.005777343749999986
1 0.6798905908096281 0.51690234375 0.0021094091903720628 0.003050781249999979
1 0.684507658643326 0.48758984375000003 0.004363238512034923 0.004933593750000043
1 0.6964004376367615 0.482041015625 0.0037089715536104636 0.004478515625000057
1 0.7124748358862145 0.5312812499999999 0.006181619256017505 0.006361328124999943
1 0.714910284463895 0.5368964843749999 0.006400437636761488 0.007205078125000064
1 0.7523304157549233 0.5209921875 0.006181619256017505 0.006037109374999972
3 0.7407658643326039 0.476943359375 0.004291028446389425 0.003894531249999922
3 0.740949671772429 0.474087890625 0.004654266958424603 0.003894531249999922
3 0.7460043763676149 0.473990234375 0.008363238512035067 0.005257812500000014
3 0.7433129102844638 0.47100390625 0.0053085339168490635 0.003960937499999951
2 0.11131509846827134 0.04683789062499999 0.012954048140043774 0.010359374999999999
2 0.12811597374179426 0.067796875 0.00877242888402624 0.011562500000000009
2 0.11759080962800872 0.081587890625 0.010391684901531731 0.011201171875000004
2 0.015505470459518578 0.03623828124999999 0.009715536105032825 0.009154296875
2 0.02845951859956235 0.04864453124999999 0.007017505470459517 0.010359374999999999
2 0.029404814004376393 0.07622851562499999 0.008367614879649892 0.009154296875
2 0.04154923413566742 0.12139648437499999 0.0062078774617067844 0.006021484374999986
2 0.11577024070021885 0.125431640625 0.00782713347921225 0.009755859375000009
2 0.1106411378555799 0.16740820312500002 0.005126914660831512 0.0069863281249999964
2 0.10848140043763681 0.201193359375 0.0056673960612691416 0.005660156250000004
2 0.10760612691466089 0.19107617187499998 0.0049934354485776915 0.0066250000000000146
2 0.04687964989059081 0.25376953125 0.008772428884026266 0.0067460937499999925
3 0.040199124726477034 0.24563867187500002 0.011606126914660836 0.005902343749999961
2 0.04984901531728664 0.24154296875 0.010929978118161923 0.009755859374999964
2 0.1943063457330416 0.163974609375 0.01106564551422318 0.013611328125000011
2 0.204765864332604 0.14566601562499998 0.013089715536105018 0.011201171874999982
1 0.11468927789934356 0.03148046874999999 0.004588621444201319 0.004937499999999995
1 0.11826477024070017 0.020400390625000007 0.0036433260393873286 0.0049375
1 0.11070897155361052 0.010281249999999997 0.004722100656455138 0.005419921875
2 0.13985776805251643 0.228775390625 0.015518599562363254 0.012646484375
2 0.10672866520787747 0.23847265625 0.006477024070021887 0.008431640625000014
2 0.06394967177242888 0.26515234374999996 0.006746170678336989 0.006865234375000018
1 0.055853391684901534 0.260033203125 0.005126914660831505 0.005781249999999983
3 0.22811159737417938 0.2631640625 0.0085010940919037 0.005298828125000021
3 0.24545076586433262 0.26834375 0.011875273522975925 0.0069863281249999964
3 0.24529759299781187 0.276265625 0.006070021881838026 0.005052734374999979
3 0.24004595185995628 0.28225585937500003 0.003735229759299817 0.005574218749999993
3 0.24287527352297594 0.281865234375 0.003560175054704591 0.004375000000000018
3 0.2457943107221007 0.28103125 0.0037943107221006882 0.004167968750000028
3 0.23003719912472648 0.277828125 0.007529540481400406 0.0073457031250000245
3 0.23666083150984682 0.27311328125 0.0074704595185995345 0.00875195312499999
3 0.2468730853391685 0.27491015625 0.0061859956236323815 0.005052734374999979
3 0.23949015317286648 0.278087890625 0.004960612691466099 0.0070332031250000425
3 0.16810940919037204 0.468513671875 0.006231947483588626 0.011216796875000056
3 0.16759956236323847 0.466734375 0.005210065645514211 0.009849609375000058
3 0.16902844638949674 0.46354296875 0.00725382932166304 0.010396484374999914
3 0.17143107221006565 0.4670546875 0.00592560175054703 0.00939453125000007
3 0.17434354485776804 0.46741796874999997 0.007868708971553619 0.011216796875000056
3 0.17633479212253828 0.46463671875 0.007560175054704585 0.00966796875
3 0.16397155361050325 0.463359375 0.008582056892779 0.010031249999999936
4 0.1809846827133479 0.46025976562500004 0.007050328227571122 0.010031249999999936
4 0.1790437636761488 0.45829882812499995 0.008888402625820545 0.008664062499999936
3 0.18665426695842455 0.45975781250000003 0.004903719912472666 0.009029296874999915
2 0.17822538293216625 0.45095703125000003 0.01501969365426698 0.008572265625000065
1 0.34983150984682715 0.48616015625 0.004291028446389525 0.004195312499999914
5 0.38671115973741793 0.477978515625 0.012647702407002227 0.0068105468749999785
5 0.3845973741794311 0.483177734375 0.012201312910284512 0.006779296875000007
5 0.36440481400437635 0.48247265625 0.006735229759299825 0.006718749999999929
2 0.37520787746170675 0.482830078125 0.008859956236323803 0.010466796875000028
5 0.37531072210065647 0.476794921875 0.004617067833698011 0.0035878906249999787
5 0.3732056892778994 0.48889257812500003 0.0049321663019693575 0.0024394531249999573
1 0.5147374179431072 0.588505859375 0.004339168490153157 0.0037011718749999645
2 0.5591444201312911 0.64837109375 0.009835886214441973 0.007058593750000064
5 0.5086105032822756 0.670255859375 0.006573304157549227 0.008949218749999942
5 0.5501772428884028 0.670669921875 0.004448577680525148 0.005986328124999929
2 0.5135251641137856 0.6699296875 0.009892778993435457 0.007585937500000028
1 0.4794266958424508 0.69695703125 0.004536105032822662 0.003943359374999922
3 0.4546542669584245 0.6811328124999999 0.009908096280087472 0.0042617187499999435
3 0.46402625820568927 0.6845957031250001 0.006207877461706759 0.003515625
2 0.4798446389496717 0.71885546875 0.00632822757111599 0.010656250000000079
3 0.4890371991247265 0.720986328125 0.0032231947483587664 0.00298437499999995
3 0.4897549234135667 0.7170429687500001 0.003700218818380712 0.0036230468750000355
1 0.7572844638949672 0.6625234375 0.006365426695842483 0.005064453125000057
1 0.7482188183807439 0.673517578125 0.007056892778993435 0.004322265625000021
2 0.7406783369803063 0.6645 0.008026258205689342 0.0075351562499999854
2 0.961671772428884 0.358552734375 0.006089715536105017 0.006298828125
2 0.9632625820568927 0.35225390624999997 0.0065032822757110165 0.006546874999999996
2 0.9283894967177242 0.4038828125 0.007056892778993435 0.005558593750000007
1 0.9360021881838074 0.40215429687500004 0.00456673960612709 0.003087890625000078
1 0.7754113785557987 0.46996484374999997 0.003321663019693718 0.004816406249999972
3 0.5603894967177242 0.30466015625000004 0.007842450765864364 0.006500000000000039
3 0.5664398249452954 0.30446093750000003 0.005601750547046032 0.004900390625000028
3 0.5711444201312911 0.302810546875 0.005601750547046032 0.005199218749999979
3 0.5612866520787746 0.299560546875 0.007393873085339161 0.006699218750000036
3 0.5647024070021881 0.300111328125 0.006161925601750515 0.004999999999999982
3 0.5725448577680524 0.29836132812500005 0.007954048140043843 0.005099609375000025
2 0.5502975929978118 0.292923828125 0.004772428884026346 0.0033378906250000283
3 0.5525492341356674 0.29156250000000006 0.004704595185995623 0.004298828125000043
3 0.5612297592997811 0.292712890625 0.008625820568927805 0.004999999999999982
3 0.5622954048140043 0.28901171875 0.006273522975929994 0.0031992187500000215
3 0.5548446389496718 0.285513671875 0.007056892778993435 0.006199218749999957
3 0.5598862144420131 0.2863125 0.005490153172866553 0.0034003906249999716
3 0.5625185995623633 0.28536328125 0.008065645514223124 0.0039003906249999607
3 0.5360678336980306 0.303341796875 0.0029671772428884902 0.004066406250000032
3 0.5386258205689279 0.3032265625 0.0032669584245077223 0.005218749999999961
3 0.5369496717724288 0.30126953125 0.0031816192560174977 0.003759765625
3 0.5319190371991247 0.30295703124999995 0.00567396061269153 0.004681640624999961
3 0.5314245076586432 0.294478515625 0.010188183807439912 0.004144531249999961
3 0.5303085339168491 0.298640625 0.011908096280087543 0.0054101562499999645
3 0.5461903719912473 0.28565234375 0.00550328227571108 0.00322265625
3 0.5493085339168491 0.2887421875 0.008295404814004344 0.0037226562499999894
3 0.5499321663019693 0.284578125 0.005588621444201305 0.0038359374999999752
3 0.5475448577680525 0.28267968750000005 0.005459518599562323 0.0037226562499999894
2 0.5587855579868708 0.29632031249999996 0.005588621444201305 0.004144531249999961
3 0.5349277899343544 0.2904296875 0.012207877461706776 0.005871093749999989
3 0.5414835886214442 0.28611328125 0.004857768052516372 0.004451171874999993
3 0.5426673960612691 0.282775390625 0.004643326039387365 0.004375000000000018
3 0.5366477024070021 0.322083984375 0.008770240700218802 0.005025390625000003
2 0.5305448577680526 0.313931640625 0.008253829321663075 0.007136718749999993
2 0.537542669584245 0.376291015625 0.008678336980306314 0.006574218749999972
2 0.5180240700218818 0.35676953125 0.007260393873085403 0.006048828124999961
3 0.28085339168490153 0.533916015625 0.007995623632385112 0.009240234375000078
1 0.8285886214442012 0.28987890624999996 0.0034113785557987187 0.004802734375000029
1 0.8262778993435449 0.26548828125 0.0021225382932165905 0.002300781250000039
1 0.8241925601750548 0.27732812500000004 0.002199124726477064 0.002707031250000025
2 0.5973785557986871 0.7324023437499999 0.007085339168490177 0.008003906249999915
3 0.31266301969365423 0.64626171875 0.010459518599562402 0.007707031250000007
2 0.3228774617067834 0.650427734375 0.00659956236323848 0.006015625000000036
2 0.3173676148796499 0.655251953125 0.007652078774617024 0.006140624999999922
2 0.3205601750547046 0.6444433593750001 0.005897155361050288 0.005828125000000029
2 0.24042888402625825 0.79206640625 0.005404814004376327 0.0055761718750000355
2 0.041897155361050334 0.456982421875 0.009910284463894971 0.007140625000000078
2 0.0486433260393873 0.44909375 0.010507658643326036 0.008845703124999993
2 0.05246389496717724 0.47216992187500006 0.006687089715536105 0.007248046874999936
2 0.04906126914660832 0.46897265624999995 0.008 0.006820312500000014
1 0.0491203501094092 0.484638671875 0.005253829321663018 0.0057558593750000496
1 0.34368708971553613 0.6047988281250001 0.004411378555798655 0.0041249999999999785
2 0.40624288840262585 0.606314453125 0.007089715536105053 0.010654296875000035