4 0.7129173322683706 0.8037467921300256 0.008264776357827542 0.008411747932706017
4 0.7106090255591053 0.8001126318790989 0.008648162939297205 0.008284858853721213
4 0.7185303514376996 0.806331622469347 0.005952476038338738 0.00790704305674353
4 0.7237140575079871 0.8044824636441403 0.0046265974440894714 0.006941830624465428
4 0.7246265974440895 0.7997020245223837 0.005982428115015982 0.00662532078699734
4 0.7357388178913737 0.8008825206729399 0.007591853035143857 0.00667522098659819
3 0.4659544728434505 0.008776732249786142 0.005249600638977629 0.005969489592244084
3 0.4692791533546326 0.007892785856857713 0.0035662939297123946 0.00552751639577987
4 0.4746345846645367 0.007410892500712861 0.008710063897763557 0.00897775876817793
3 0.46685303514376997 0.00249500998003992 0.005591054313099041 0.00499001996007984
4 0.49736621405750797 0.009562303963501568 0.015103833865814762 0.009682064442543483
3 0.49794728434504787 0.014683490162532077 0.007757587859424993 0.008510122611919017
3 0.5037659744408945 0.017581978899344167 0.008180910543131041 0.009891645280866838
3 0.5255730830670927 0.01286142001710864 0.008524361022364138 0.009944396920444824
3 0.516216054313099 0.01482178500142572 0.006787140575079829 0.013202167094382662
3 0.5211321884984026 0.011814941545480469 0.004422923322683634 0.00692044482463644
3 0.5086022364217252 0.012690333618477332 0.007667731629392899 0.005935272312517821
4 0.5468949680511181 0.004039064727687482 0.009031549520766687 0.008076703735386371
4 0.5542871405750799 0.0051069289991445685 0.009301118210862606 0.010213857998289137
4 0.5611022364217252 0.0036355859709153123 0.006389776357827476 0.007271171941830625
4 0.6071924920127795 0.016099230111206158 0.011633386581469693 0.010561733675506132
3 0.5773242811501597 0.0023025377815796976 0.00569289137380196 0.004605075563159395
3 0.5827775559105431 0.001073567151411463 0.005095846645367499 0.002147134302822926
4 0.5796605431309904 0.03056601083547191 0.011481629392971246 0.011100655831194755
3 0.5755990415335464 0.02570002851439977 0.005950479233226873 0.008646991730824062
3 0.5675399361022364 0.023169375534644994 0.01100838658146967 0.00876960364984317
4 0.6083107028753993 0.032802965497576275 0.009143370607028746 0.010021385799828917
3 0.6142871405750799 0.01390647276874822 0.007641773162939384 0.009709153122326774
3 0.6194408945686901 0.014483889364128885 0.007923322683706128 0.008397490732820072
4 0.5659644568690096 0.01441830624465355 0.007050718849840335 0.008582834331337323
4 0.5845127795527156 0.03788993441688052 0.010567092651757202 0.010814086113487314
3 0.601863019169329 0.03724408326204734 0.008879792332268422 0.008966353008269173
3 0.5949700479233226 0.03272027373823781 0.011335862619808394 0.009818933561448532
3 0.5788099041533546 0.04138009694895923 0.006246006389776307 0.008103792415169665
3 0.6388997603833865 0.028239235814086112 0.00780750798722052 0.0042985457656116305
2 0.9732428115015974 0.08045337895637296 0.009520766773162997 0.004371257485029952
3 0.9134604632587858 0.04327202737382378 0.008496405750798576 0.005461933276304526
3 0.9080271565495207 0.05269175933846592 0.008728035143769793 0.007707442258340471
3 0.9255611022364217 0.049562303963501565 0.007476038338658249 0.007281151981750791
3 0.926172124600639 0.049419731964642145 0.007845447284345223 0.007159965782720277
3 0.9382028753993611 0.04880239520958084 0.007819488817891344 0.00576133447390932
3 0.9311082268370606 0.059841745081266044 0.006369808306709192 0.006777872825777013
3 0.9379612619808307 0.05844453949244369 0.00869808306709255 0.007547761619617899
3 0.9343570287539936 0.06328628457370972 0.006906948881789166 0.006211861990305111
3 0.9268250798722044 0.05527516395779869 0.0051777156549521345 0.007202737382378099
3 0.9323302715654952 0.052043056743655544 0.007647763578274615 0.007383803820929564
3 0.9203414536741213 0.04785856857713145 0.01204273162939287 0.008762475049900204
3 0.862186501597444 0.044101796407185624 0.013432507987220534 0.005908183632734523
5 0.8360822683706071 0.034692044482463644 0.0075878594249201275 0.006254633589962928
5 0.8302795527156549 0.03140148274878814 0.008013178913737859 0.005222412318220701
3 0.8595866613418531 0.05061591103507271 0.007472044728434519 0.0076062161391502745
4 0.8544508785942493 0.05427145708582835 0.009119408945686915 0.009409751924721984
3 0.8407468051118211 0.055243798118049615 0.008384584664536697 0.0058454519532363846
3 0.8513598242811501 0.06237382378100941 0.006713258785942652 0.005360707157114346
3 0.8441533546325879 0.05799828913601369 0.004978035143770026 0.006007984031936126
3 0.8485083865814697 0.05747219846022241 0.004187300319488687 0.0042828628457370925
3 0.851273961661342 0.05930567436555461 0.005033945686900784 0.0035970915312232704
3 0.9256669329073482 0.06086968919304249 0.006208067092651786 0.0052737382378100954
3 0.9214576677316294 0.05807242657542059 0.008242811501597575 0.0103949244368406
5 0.8137759584664538 0.10048189335614485 0.014718450479233144 0.01119475335044197
5 0.8168390575079871 0.08927430852580552 0.011894968051118152 0.009647847162817233
5 0.8285762779552716 0.09946107784431138 0.011825079872204342 0.010727117194183063
5 0.8420187699680511 0.10018676931850586 0.01037939297124592 0.006869118905047058
5 0.834720447284345 0.09323068149415455 0.014956070287539864 0.010186769318505852
5 0.686026357827476 0.10581693755346451 0.012416134185303572 0.008383233532934126
5 0.6536641373801917 0.10792700313658397 0.00983426517571885 0.00974907328200743
5 0.659922124600639 0.10300114057599088 0.008071086261980845 0.005065583119475331
5 0.6697523961661341 0.10476190476190475 0.010503194888178986 0.006770744225834047
5 0.681517571884984 0.0993327630453379 0.009047523961661422 0.005216709438266313
5 0.6715794728434505 0.11384516680923866 0.012777555910543087 0.006648132306814957
5 0.6919868210862621 0.10482891360136869 0.015405351437699609 0.010233818078129451
5 0.6429872204472843 0.24406472768748216 0.016006389776357797 0.012038779583689771
5 0.6508406549520767 0.23696891930424863 0.012460063897763506 0.007778728257770166
5 0.6615774760383387 0.24025520387795837 0.011685303514377084 0.008214998574279996
5 0.6666493610223642 0.2503150841174793 0.010563099041533474 0.009114627887082954
5 0.6834784345047923 0.25327773025377814 0.01262979233226837 0.008561448531508437
5 0.6733566293929713 0.2452181351582549 0.008742012779552664 0.005293698317650429
5 0.6818031150159745 0.24676646706586824 0.011892971246006469 0.007804391217564839
5 0.6964396964856231 0.2851240376390077 0.011170127795527077 0.006812090105503307
5 0.7060583067092651 0.2876675220986598 0.009590654952076626 0.006849158825206724
5 0.7126437699680511 0.28385086968919304 0.006218051118210928 0.004850299401197602
5 0.72004392971246 0.28109352723125175 0.006655351437699666 0.005550327915597353
5 0.7132947284345048 0.2800641573994867 0.005099840255591047 0.0037239806102081397
5 0.7049021565495207 0.2652594810379241 0.007278354632587823 0.004577986883376123
5 0.6983186900958467 0.2693384659252923 0.0067611821086261325 0.004965782720273728
5 0.7144109424920129 0.27101938979184487 0.008232827476038252 0.0060094097519247346
5 0.6757008785942492 0.2600541773595666 0.007168530351437627 0.005131166238950639
4 0.7419888178913738 0.29551611063587113 0.011174121405750807 0.00850156829198747
4 0.7530611022364218 0.33142001710863983 0.010497204472843392 0.009915882520672966
4 0.7401377795527155 0.33380952380952383 0.008572284345047981 0.009372683205018504
4 0.714007587859425 0.34728400342172794 0.008578274760383394 0.009452523524379837
4 0.7302216453674121 0.34649700598802397 0.009844249201277992 0.009009124607926947
4 0.7261960862619808 0.3333361847733105 0.006964856230031971 0.007091531223267719
4 0.6484205271565495 0.33219560878243515 0.011002396166134258 0.011794981465640087
4 0.6022404153354634 0.2813159395494725 0.007382188498402607 0.006846307385229539
4 0.5978334664536741 0.27991303108069576 0.005349440894568683 0.0062831479897348394
4 0.6044448881789138 0.26543199315654403 0.007420127795527127 0.0073481608212147085
4 0.5504872204472844 0.26134873110921014 0.012358226837060768 0.010473339036213293
3 0.5983546325878595 0.26249500998003994 0.005589057507987177 0.006789278585685756
3 0.5344249201277955 0.27652124322783006 0.005910543130990488 0.007654690618762483
3 0.537991214057508 0.2726532648987739 0.006561501597444024 0.005700028514399775
3 0.5428154952076677 0.2728457370972341 0.005529153354632508 0.006084972911320193
3 0.5350279552715655 0.26785429141716566 0.0045327476038338295 0.005005702879954395
3 0.540457268370607 0.267094382663245 0.008738019169329116 0.004053321927573401
3 0.43551317891373803 0.24987596236099233 0.006499600638977672 0.010955232392358162
3 0.45004193290734823 0.24780724265754203 0.01032747603833871 0.010631593954947272
3 0.4414257188498402 0.25060593099515255 0.006018370607028819 0.010571713715426303
3 0.44026158146964856 0.2403692614770459 0.010067891373801931 0.011234673510122637
3 0.44606829073482424 0.23823781009409753 0.006859025559105504 0.00438979184488166
3 0.4309884185303514 0.2393541488451668 0.006928913738019133 0.012771599657827192
3 0.20885383386581471 0.5825149700598803 0.008410543130990393 0.008487311092101539
3 0.21617611821086263 0.5862218420302253 0.007753594249201264 0.010700028514399733
3 0.23415335463258782 0.5957014542343884 0.004726437699680525 0.006566866267464997
3 0.23349840255591056 0.6073538637011691 0.007785543130990372 0.008234958654120363
3 0.24211461661341857 0.6088637011690904 0.008863817891373776 0.00937981180496163
3 0.24382587859424917 0.6039606501283148 0.009083466453674078 0.010601653835186853
3 0.25000199680511187 0.5986940404904476 0.01094249201277959 0.010469061876247547
4 0.2818350638977635 0.6077887082976903 0.012276357827476042 0.010440547476475558
4 0.27040135782747604 0.6160863986313088 0.013562300319488832 0.012753065297975581
4 0.27060702875399356 0.605727117194183 0.011499600638977665 0.00985172512118625
3 0.2802855431309904 0.6211092101511263 0.008979632587859386 0.011251782149985753
4 0.29136781150159746 0.6172640433418877 0.013845846645367442 0.011573994867408082
4 0.2998282747603834 0.6172939834616481 0.007655750798722074 0.010925292272597548
4 0.3065974440894569 0.6164984317080126 0.00732827476038335 0.007212717422298281
3 0.30492611821086263 0.5686384374108925 0.00625199680511181 0.007445109780439158
3 0.3134544728434505 0.5141759338465925 0.01313298722044728 0.012251211861990347
3 0.3243730031948882 0.5125420587396635 0.011487619808306749 0.01635871114913028
3 0.3099321086261981 0.5224337040205304 0.006088258785942448 0.006636726546906214
3 0.3168590255591054 0.522895637296835 0.008200878594249233 0.013259195893926433
3 0.3271046325878594 0.5226019389791845 0.009472843450479244 0.00965497576276023
4 0.7060982428115017 0.002492158540062732 0.01094249201277959 0.004984317080125464
3 0.7114556709265176 0.00610635871114913 0.005908546325878623 0.008341887653264898
3 0.715780750798722 0.002492158540062732 0.0064456869009584155 0.004984317080125464
4 0.7207368210862619 0.004311377245508982 0.009195287539936139 0.008622754491017964
3 0.687925319488818 0.012751639577986883 0.008963658146964922 0.009187339606501282
3 0.6876976837060702 0.007355289421157685 0.005932507987220455 0.00653977758768178
3 0.7182248402555911 0.010012831479897349 0.005161741214057581 0.005566010835471912
4 0.7155531150159744 0.01140575990875392 0.004872204472843378 0.006166238950670089
3 0.7124860223642173 0.016874821785001427 0.00478434504792333 0.00582976903336185
3 0.70756589456869 0.019097519247219846 0.005423322683706041 0.006082121471343026
3 0.6964856230031949 0.02597234103222127 0.007094648562300268 0.007850014257199887
3 0.6946265974440894 0.03188907898488737 0.005455271565495149 0.007272597661819217
3 0.6888877795527156 0.03216709438266325 0.005409345047923351 0.009664955802680352
3 0.676551517571885 0.039056173367550615 0.005331469648562264 0.0067037353863701145
3 0.6712420127795528 0.04495865412033077 0.007308306709265249 0.008887938408896498
3 0.6758406549520766 0.04820359281437126 0.0038658146964855576 0.00655118334759054
5 0.6894369009584664 0.052708867978329056 0.007276357827475958 0.00584830339321357
5 0.6896585463258786 0.046581123467351014 0.006954872204472829 0.005752780153977762
5 0.6934165335463259 0.04824636441402908 0.006192092651757232 0.0044610778443113725
5 0.6991174121405751 0.04963358996293128 0.0053514376996805476 0.004344168805246653
3 0.6650439297124601 0.05867265469061876 0.005615015974440873 0.00635015682919874
3 0.6635323482428116 0.06345451953236385 0.004011581469648591 0.0032378100940975243
3 0.6696365814696486 0.0574750499001996 0.00468650159744414 0.006364414029084686
3 0.6281329872204472 0.07633019674935843 0.004710463258785972 0.007158540062731685
3 0.6325079872204473 0.07931565440547478 0.003392571884983982 0.006348731109210147
3 0.6369988019169329 0.0741559737667522 0.0051777156549521345 0.004134587966923296
4 0.62055910543131 0.06991730824066153 0.0106968849840255 0.008925007128599938
4 0.6078853833865815 0.0715854006273168 0.007835463258785898 0.007985457656116338
3 0.6210802715654952 0.16604932991160537 0.006561501597444024 0.010978043912175649
3 0.6288198881789138 0.16873253493013973 0.00844648562300323 0.010259481037924158
3 0.6319289137380192 0.16097661819218703 0.008744009584664529 0.005903906472768727
3 0.6229532747603834 0.15912888508696893 0.013268769968051082 0.011079270031365844
3 0.603270766773163 0.18204875962360995 0.013662140575079886 0.005608782435129761
3 0.593280750798722 0.19556315939549473 0.00513378594249202 0.009649272882805794
3 0.5957507987220448 0.18988879384088966 0.006821086261980801 0.01064014827487883
3 0.589195287539936 0.19177074422583404 0.006437699680511139 0.011528371827773044
4 0.8432527955271566 0.7395580268035358 0.020229632587859325 0.016941830624465345
4 0.741561501597444 0.7366353008269176 0.01341253993610225 0.012238380382092977
4 0.7253194888178913 0.7021628172226975 0.0170587060702876 0.01229398346164807
4 0.7225059904153356 0.7088209295694325 0.01303913738019173 0.012754491017963948
3 0.7638897763578275 0.7370473339036213 0.010271565495207588 0.00998003992015968
3 0.7540215654952077 0.7453706871970345 0.006573482428115031 0.009408326204733359
3 0.7494388977635782 0.7409937268320502 0.005447284345047872 0.009837467921300257
3 0.7723103035143769 0.724652124322783 0.010069888178913796 0.008833761049329788
3 0.7618031150159744 0.7464071856287425 0.0061341853035144275 0.005893926432848609
3 0.7325279552715654 0.7187496435700029 0.0067651757188498625 0.0070786997433703504
3 0.7628095047923322 0.7236712289706302 0.006865015974440916 0.007506415739948622
4 0.7133785942492014 0.704167379526661 0.011042332268370644 0.01077131451382938
4 0.7336421725239617 0.7026333048189336 0.008807907348242746 0.00926717992586256
4 0.6873382587859425 0.7134830339321357 0.00633586261980822 0.006484174508126541
4 0.6620806709265176 0.7168192187054463 0.0070427316293930585 0.006920444824636566
4 0.668759984025559 0.7205560307955516 0.006269968051118138 0.005409181636726619
4 0.6731269968051119 0.7179769033361848 0.008117012779552643 0.005751354433989185
4 0.6715235623003194 0.7112503564299971 0.00952276357827468 0.005675791274593597
3 0.6195447284345048 0.6234388366124893 0.008550319488817834 0.014593669803250725
4 0.6020946485623003 0.6193541488451667 0.01513578274760387 0.014001996007983908
4 0.6060123801916932 0.6273524379811805 0.011705271565495185 0.012842885657256905
4 0.6260303514376997 0.6248588537211291 0.015111821086262038 0.015148274878813801
3 0.6161022364217251 0.632125748502994 0.010678913738019082 0.011521243227829981
3 0.6609325079872204 0.6018491588252067 0.011158146964856251 0.009860279441117744
3 0.6541094249201277 0.6047533504419732 0.0054932108626198515 0.007804391217564839
3 0.6469369009584663 0.6019931565440547 0.007422124600638992 0.011003706871970387
3 0.662120607028754 0.5952266894781865 0.007527955271565459 0.0050499001996008085
3 0.6497404153354632 0.5925449101796407 0.0066194089456868286 0.006692329626461436
4 0.6235782747603834 0.5998474479612204 0.009750399361022349 0.006713715426290298
4 0.6249041533546327 0.5730952380952381 0.014434904153354626 0.014094667807242611
4 0.6165035942492012 0.5751411462788708 0.015413338658146885 0.012325349301397179
4 0.6763039137380192 0.5859010550327916 0.011461661341852962 0.009396920444824616
4 0.6343570287539936 0.5785457656116338 0.014482827476038287 0.009270031365839811
3 0.6561481629392971 0.5610094097519247 0.010595047923322764 0.012899914456800622
3 0.6137919329073482 0.5478585685771314 0.005257587859424906 0.0057955517536355345
3 0.6091513578274761 0.54750499001996 0.003921725239616679 0.004026233247790103
2 0.6259664536741214 0.5471228970630169 0.005345447284345135 0.0036127744510978253
2 0.6287659744408945 0.5439877388080981 0.004502795527156586 0.002737382378100915
2 0.6337879392971246 0.5463273453093812 0.004265175718849775 0.004143142286854919
4 0.6104333067092652 0.5234103222127174 0.017044728434504726 0.011864841745081303
4 0.5958246805111822 0.5221314513829484 0.014650559105431287 0.013011120615911066
4 0.5923282747603834 0.530597376675221 0.014426916932907348 0.010779868833761003
4 0.6031010383386581 0.5317949814656402 0.012531948881789181 0.009793270601653779
5 0.5888897763578275 0.500748502994012 0.010499201277955257 0.008045337895637338
5 0.6055670926517572 0.5003279155973767 0.010613019169329 0.008065297975477575
5 0.6061182108626197 0.49394354148845165 0.007907348242811574 0.005309381237524919
4 0.556629392971246 0.5009409751924722 0.018316693290734737 0.013515825491873423
3 0.5687400159744409 0.5040704305674366 0.011238019169329023 0.010275163957798646
3 0.5682328274760383 0.49705446250356433 0.011206070287539914 0.006495580268035415
4 0.5562480031948882 0.5137439406900485 0.0184025559105431 0.013679783290561708
4 0.5644548722044729 0.5236983176504134 0.011689297124600631 0.014106073567151354
4 0.5746765175718849 0.5182021670943827 0.0076257987220446485 0.007783005417735978
5 0.6147424121405751 0.4928243512974052 0.006060303514377069 0.004657827202737393
4 0.5699281150159744 0.4377601938979184 0.009085463258785943 0.009432563444539471
4 0.5495247603833866 0.4115141146278871 0.013474440894568602 0.01269746221842036
4 0.5613857827476039 0.40620045623039636 0.012617811501597364 0.010369261477045847
4 0.5132088658146965 0.4016680923866553 0.01275559105431312 0.012604790419161656
4 0.591138178913738 0.4272084402623325 0.009612619808306775 0.007922725976618151
4 0.6318949680511181 0.35565583119475336 0.014105431309904218 0.008768177929854577
4 0.5607288338658147 0.3201112061591104 0.012939297124600676 0.011786427145708593
4 0.5700978434504793 0.3164128885086969 0.013468450479233191 0.011927573424579391
4 0.5538158945686902 0.32354861705161103 0.011499600638977665 0.013388936412888488
4 0.5440195686900958 0.32024094667807246 0.011831070287539935 0.012234103222127231
3 0.5130451277955271 0.2941573994867408 0.005361421725239689 0.0065668662674650945
3 0.5088338658146965 0.29206159110350727 0.006823083067092666 0.007683205018534374
3 0.518258785942492 0.29584830339321355 0.005892571884984069 0.006325919589392628
3 0.49807707667731627 0.24010407755916738 0.004247204472843538 0.006260336469917287
4 0.492198482428115 0.2386327345309381 0.008572284345047981 0.00863416025092671
4 0.5015115814696486 0.24008696891930426 0.006859025559105504 0.007840034217279695
4 0.41031549520766775 0.22001568291987456 0.01546924920127796 0.017358140861134873
3 0.3997344249201278 0.22073852295409183 0.00954073482428119 0.012101511263187925
3 0.394732428115016 0.21616053607071573 0.007232428115015934 0.009352723125178201
5 0.4191493610223642 0.1875777017393784 0.01030950479233229 0.008802395209580807
5 0.42894369009584665 0.18788565725691472 0.010367412140575094 0.009465355004277141
5 0.40644369009584663 0.19710578842315368 0.011501597444089484 0.008299116053607078
5 0.40563298722044727 0.1900042771599658 0.009796325878594284 0.006328771029369813
5 0.40802316293929713 0.18484174508126605 0.009121405750798735 0.006765041345879643
4 0.4479053514376997 0.17464927288280582 0.0074081469648563025 0.007112917023096646
4 0.4356170127795527 0.17574850299401198 0.005694888178913825 0.007631879098944996
4 0.4400838658146965 0.17853008269175935 0.00754193290734833 0.006879098944967209
3 0.42634384984025564 0.16184488166524097 0.005291533546325879 0.006368691189050481
3 0.41060503194888176 0.1737325349301397 0.006259984025559133 0.005707157114342771
3 0.4051857028753994 0.1710607356715141 0.004906150159744441 0.005176789278585678
3 0.4475958466453674 0.12396065012831481 0.006413738019169307 0.0058354719133162335
3 0.4235762779552716 0.10208440262332477 0.005980431309904117 0.007757342457941272
5 0.4186841054313099 0.08953949244368406 0.00780750798722052 0.005577416595380652
5 0.4353354632587859 0.07941688052466495 0.006922923322683721 0.006022241231822071
5 0.42564696485623 0.08108782435129741 0.005605031948881731 0.004371257485029952
5 0.43246006389776365 0.08784288565725691 0.007214456869009607 0.005916737952666096
4 0.41673722044728434 0.10352437981180496 0.007703674121405736 0.009274308525805526
4 0.36458466453674127 0.06578414599372684 0.015698881789137357 0.01673937838608497
4 0.34609824281150164 0.07548759623609923 0.013586261980830664 0.013783860849729122
3 0.35447084664536743 0.07367265469061876 0.009884185303514377 0.013497291132021673
4 0.3569728434504792 0.08353863701169091 0.01376597444089458 0.012560593099515242
4 0.3710842651757188 0.08441260336469918 0.015041932907348229 0.0157713145138295
3 0.3551817092651757 0.09171941830624467 0.00945287539936105 0.009509552323923589
3 0.3483825878594249 0.08755774165953807 0.009015575079872223 0.009743370402053026
4 0.15919528753993611 0.02659395494724836 0.012150559105431292 0.009317080125463353
3 0.13295926517571882 0.03262189905902481 0.005686900958466457 0.008890789848873683
4 0.1411481629392971 0.03424436840604505 0.007947284345047914 0.008706871970345028
4 0.13932507987220447 0.027694610778443114 0.007699680511182098 0.009562303963501568
3 0.13030151757188496 0.019860279441117765 0.005515175718849819 0.006866267465069858
3 0.13624001597444088 0.015575990875392073 0.005331469648562309 0.00808953521528372
3 0.13443889776357826 0.022185628742514972 0.006499600638977626 0.005888223552894213
4 0.11814896166134187 0.014228685486170515 0.008216853035143789 0.008333333333333335
4 0.0735682907348243 0.0032292557741659535 0.01578075079872204 0.006458511548331907
4 0.020387380191693272 0.05275021385799829 0.010591054313099042 0.011546906187624752
3 0.030067891373801902 0.07246506986027944 0.005832667731629389 0.008972055888223553
3 0.03800718849840254 0.07176504134587967 0.00373202875399361 0.0071556886227544985
3 0.026202076677316298 0.06539777587681779 0.009404952076677318 0.007708867978329063
4 0.08146964856230032 0.09016823495865413 0.011018370607028745 0.008471628172226985
5 0.0789876198083067 0.0853692614770459 0.008959664536741215 0.0061377245508981975
4 0.08443490415335461 0.08593099515255204 0.01356030351437699 0.006916167664670657
3 0.08721246006389777 0.08241516966067863 0.01107827476038339 0.0056301682349586555
5 0.06936102236421723 0.0870558882235529 0.007627795527156559 0.007435129740518975
3 0.06624400958466453 0.08426575420587396 0.0054412939297124605 0.005712859994297111
4 0.07023162939297126 0.1002737382378101 0.00855630990415336 0.011670943826632436
4 0.07925319488817893 0.0992600513259196 0.011363817891373796 0.010118334759053325
3 0.0593091054313099 0.08306102081551184 0.003604233226837052 0.008959224408326192
3 0.06208666134185305 0.08520387795836898 0.0035543130990415245 0.005988023952095809
3 0.04085463258785941 0.09054319931565441 0.00396166134185303 0.008532934131736515
4 0.03814297124600639 0.08753065297975478 0.0060103833865814745 0.007671799258625598
4 0.04400559105431312 0.08958511548331909 0.0049900159744408965 0.009200171086398628
4 0.05386182108626198 0.12538209295694325 0.008815894568690091 0.010792700313658404
4 0.09478634185303515 0.14895352152837182 0.010199680511182117 0.011886227544910165
4 0.09813099041533548 0.16883233532934133 0.013150958466453665 0.011191901910464784
4 0.10910143769968053 0.17071713715426293 0.011681309904153355 0.012195608782435124
4 0.11387779552715654 0.16548902195608783 0.010385383386581468 0.008622754491017967
4 0.10046725239616615 0.15632306814941546 0.011287939297124594 0.00887795836897633
3 0.10574081469648561 0.15292415169660678 0.008576277955271574 0.010511833475905334
3 0.10872404153354633 0.14758910749928714 0.009239217252396162 0.009133162246934693
3 0.13631190095846646 0.22239520958083833 0.008466453674121424 0.009418306244653542
4 0.1331709265175719 0.2187368120901055 0.010215654952076693 0.008304818933561449
4 0.13948682108626198 0.2258354719133162 0.008418530351437716 0.00873253493013972
4 0.14843849840255594 0.22429141716566867 0.011058306709265197 0.01182207014542345
4 0.15765774760383391 0.2243527231251782 0.01376397763578276 0.010118334759053294
4 0.1008805910543131 0.24691331622469345 0.008272763578274762 0.009840319361277442
4 0.1259365015974441 0.26433846592529225 0.010567092651757202 0.009331337325349276
4 0.11897763578274759 0.26436555460507555 0.009450878594249187 0.009806102081551213
3 0.10283146964856231 0.2301026518391788 0.006407747603833861 0.006045052751639591
3 0.09465055910543131 0.22947533504419731 0.006198083067092645 0.004790419161676634
3 0.0886441693290735 0.23355859709153123 0.006279952076677325 0.0058269175933846435
3 0.09884784345047923 0.23391645280866838 0.004500798722044721 0.006090675791274565
4 0.10995806709265177 0.24641716566866265 0.009822284345047934 0.009968634160250936
5 0.1290335463258786 0.2502908468776732 0.005634984025559111 0.004640718562874278
3 0.12808905750798721 0.27510550327915595 0.006880990415335471 0.00557171371542628
3 0.11903354632587858 0.2809053321927573 0.010585063897763576 0.009431137724550911
3 0.12373402555910545 0.282020245223838 0.007923322683706083 0.008263473053892221
3 0.11811501597444089 0.2868562874251497 0.007923322683706083 0.006613915027088662
4 0.1476417731629393 0.2947619047619048 0.012793530351437687 0.01204448246364411
4 0.13521565495207669 0.2920630168234959 0.012795527156549507 0.011226119190191015
4 0.12803314696485624 0.29280011405759904 0.01061900958466455 0.010471913316224667
4 0.12049720447284346 0.29566153407470774 0.012498003194888162 0.010309381237524975
4 0.13072484025559106 0.29868691189050467 0.008899760383386569 0.009165953806672364
4 0.12433306709265177 0.31853578557171375 0.011238019169329068 0.01101511263187913
4 0.1267511980830671 0.3251340176789278 0.011719249201277966 0.009431137724550846
4 0.11378594249201276 0.32018819503849444 0.009980031948881793 0.010263758197889904
3 0.1387420127795527 0.31493726832050184 0.0071345846645367444 0.007088679783290598
3 0.13224840255591053 0.31856002281151985 0.006607428115015958 0.009493869404049065
3 0.132935303514377 0.31448816652409467 0.005762779552715635 0.0055346449957227985
3 0.22763378594249198 0.3421756487025948 0.007927316293929676 0.0095680068434559
3 0.22203274760383387 0.3383989164528087 0.0035583067092652084 0.006291702309666397
3 0.2328055111821086 0.33920302252637585 0.006649361022364253 0.006660963786712326
5 0.21989816293929712 0.28842457941260335 0.004904153354632577 0.0055118334759053115
5 0.22361222044728432 0.28511405759908753 0.006417731629392946 0.0046706586826347615
5 0.23711062300319485 0.2889278585685771 0.007597843450479269 0.004710578842315364
5 0.23764776357827475 0.284357000285144 0.0066253993610223315 0.005220986598232092
5 0.2439357028753994 0.2811833475905332 0.00723043130990416 0.004342743085258061
5 0.247789536741214 0.2786313088109495 0.006831070287539943 0.004617907043056726
3 0.2931968849840255 0.0392087254063302 0.011403753993610249 0.009640718562874252
3 0.2883885782747604 0.04548331907613345 0.008861821086262003 0.012878528656971776
3 0.2800678913738019 0.042455089820359275 0.007114616613418552 0.012028799543769604
3 0.2760063897763578 0.039702024522383805 0.006176118210862587 0.012995437696036494
3 0.30255790734824284 0.0923282007413744 0.010049920127795512 0.00899059024807527
3 0.3123502396166134 0.08578414599372684 0.0062659744408945905 0.007272597661819217
3 0.3175059904153355 0.084304248645566 0.006184105431309864 0.005101226119190187
4 0.4595826677316294 0.8081180496150556 0.009357028753993545 0.007245508982035887
4 0.4458466453674122 0.8052594810379242 0.009267172523961632 0.007258340461933256
3 0.44820087859424923 0.8119874536641003 0.007012779552715633 0.0072611919019105065
3 0.45243210862619815 0.8142172797262618 0.004398961661341802 0.007627601938979185
4 0.45575079872204477 0.8116353008269177 0.005135782747603884 0.00503706871970344
3 0.45747603833865813 0.7933675506130596 0.003767971246006368 0.004205873966353009
3 0.4513158945686901 0.7943370402053036 0.00465854632587858 0.003972055888223636
4 0.4713857827476038 0.7553706871970345 0.010303514376996878 0.007111491303107956
4 0.47795926517571885 0.7589977188480183 0.009999999999999986 0.008527231251782078
4 0.4743570287539936 0.7502053036783575 0.013564297124600697 0.00662532078699734
3 0.4785363418530352 0.7059481037924152 0.008001198083067035 0.009488166524094564
3 0.4891573482428115 0.6992871400057029 0.010585063897763623 0.010761334473909262
4 0.466908945686901 0.701173367550613 0.01167931309904149 0.012125748502993909
4 0.4804592651757188 0.6967422298260622 0.012967252396166055 0.011616766467065807
5 0.4443230830670927 0.6943755346449958 0.010932507987220447 0.0072383803820930195
5 0.45133186900958466 0.6838152266894781 0.011132188498402557 0.006193327630453452
5 0.4522264376996805 0.684374108925007 0.010736821086262067 0.006196179070430443
5 0.4446445686900959 0.6889364128885087 0.012567891373801838 0.00557456515540353
5 0.3674740415335463 0.7075220986598233 0.007006789137380221 0.004116053607071685
5 0.3534384984025559 0.7090775591673796 0.006715255591054335 0.0036184773310520674
5 0.3576777156549521 0.7063900769888793 0.007362220447284323 0.004295694325634331
4 0.3116553514376997 0.688138009694896 0.009151357827476024 0.008718277730253726
4 0.31902156549520766 0.6914941545480469 0.008466453674121424 0.007971200456230376
3 0.30392372204472845 0.6915312232677502 0.007390175718849884 0.0072840034217279935
3 0.3228214856230032 0.6871913316224694 0.006845047923322724 0.007249786142001763
4 0.2593230830670927 0.7000099800399201 0.010049920127795512 0.009438266324493972
5 0.41493011182108624 0.6592771599657827 0.013103035143769946 0.010513259195893895
5 0.43337460063897765 0.6512817222697462 0.015766773162939306 0.010695751354434051
5 0.4279452875399361 0.6659623609923012 0.013823881789137293 0.010691474194468175
5 0.4415355431309904 0.660688622754491 0.010231629392971203 0.007688907898488778
5 0.42224640575079875 0.6686341602509267 0.010517172523961676 0.00902338180781307
5 0.4509005591054313 0.6683889364128885 0.017747603833865838 0.009740518962075806
4 0.5436841054313098 0.5825149700598803 0.008322683706070345 0.007331052181351593
4 0.5359564696485624 0.5774650698602795 0.012060702875399289 0.006536926147704643
4 0.500345447284345 0.5836213287710295 0.009980031948881703 0.006305959509552326
4 0.5014037539936103 0.5790561733675507 0.009376996805111828 0.005942400912460834
3 0.585077875399361 0.5234459652124323 0.008610223642172503 0.01577701739378384
5 0.5152476038338658 0.5165811234673511 0.008212859424920149 0.006305959509552261
5 0.51066892971246 0.5000427715996578 0.009500798722044713 0.006833475905332234
5 0.4893710063897764 0.4948061020815512 0.005870607028753921 0.005449101796407222
5 0.4832008785942492 0.4948659823210721 0.008079073482428123 0.005329341317365285
5 0.47816892971246006 0.4975948103792415 0.006779153354632551 0.004151696606786412
5 0.5237440095846645 0.5176333048189335 0.007585862619808263 0.005695751354433963
5 0.5194548722044728 0.5041688052466495 0.006703274760383329 0.006568291987453623
5 0.5066154153354633 0.5192985457656116 0.008748003194888259 0.006243227830054173
5 0.5538698083067093 0.45330624465355 0.006733226837060753 0.0036797832905617906
5 0.5519588658146964 0.44798118049615054 0.007176517571884904 0.004749073282007471
3 0.4180531150159745 0.43449101796407186 0.0057667731629393185 0.006016538351867667
3 0.42127196485623003 0.4318063872255489 0.004766373801916911 0.005621613915027131
3 0.4215794728434505 0.43640148274878815 0.00347044728434507 0.0052281151981750885
3 0.42522364217252395 0.435112631879099 0.00517571884984027 0.006896207584830324
3 0.3997723642172524 0.41919161676646705 0.004754392971245996 0.0031009409751924723
3 0.3931869009584664 0.41682492158540063 0.004472843450479252 0.003832335329341333
3 0.39619808306709264 0.4155503279155974 0.004380990415335474 0.0029327060165383104
4 0.40861022364217253 0.4239620758483034 0.01170926517571887 0.011107784431137704
4 0.3992871405750799 0.42649415454804673 0.01256389776357829 0.0100898203592815
4 0.4009285143769968 0.4307470772740234 0.011523562300319496 0.007231251782150022
4 0.3854952076677316 0.427080125463359 0.01178115015974441 0.011445680068434523
4 0.3571964856230032 0.4286199030510408 0.009920127795527124 0.006154833190761345
4 0.36083865814696486 0.4429141716566866 0.010373402555910507 0.00926432848588531
4 0.36368809904153354 0.4486027944111776 0.010289536741214097 0.004019104647847106
3 0.3751697284345048 0.4426047904191617 0.006591453674121449 0.007837182777302575
3 0.37873202875399364 0.44353721129170226 0.004151357827476031 0.00702879954376963
5 0.34337859424920125 0.4530168234958654 0.008308706070287565 0.006119190191046489
5 0.3392731629392971 0.457965497576276 0.00706269968051116 0.0050270886797833215
5 0.3470906549520767 0.4574522383803821 0.007871405750798737 0.0048716852010265285
3 0.3224500798722045 0.46355431993156543 0.007803514376996791 0.005855431993156503
3 0.3143051118210863 0.46576846307385233 0.004293130990415336 0.006417165668662706
4 0.3620946485623003 0.4906900484744796 0.01874201277955274 0.013637011690903854
4 0.26023961661341855 0.4841402908468777 0.019992012779552693 0.015687197034502387
4 0.373280750798722 0.49051896207584833 0.014426916932907348 0.01371685201026519
4 0.3629452875399361 0.5007370972341032 0.015381389776357867 0.012483604220131223
4 0.305780750798722 0.4868933561448532 0.015563099041533556 0.008099515255203934
5 0.283470447284345 0.46526946107784434 0.00991813099041535 0.006723695466210416
5 0.2921924920127796 0.46820074137439405 0.009636581469648606 0.0061420017108639756
5 0.29174121405750797 0.4846621043627032 0.011257987220447307 0.009218705446250336
5 0.29930511182108627 0.4753236384374109 0.01082667731629389 0.007492158540062758
4 0.020077875399361015 0.3416951810664386 0.010942492012779555 0.013366124893071001
4 0.03182108626198081 0.3418035357855717 0.013927715654952077 0.014923011120615922
3 0.0457088658146965 0.34223695466210435 0.011787140575079867 0.01195323638437413
3 0.04795726837060704 0.333373253493014 0.017963258785942494 0.0074208725406330455
3 0.019702476038338673 0.3312118619903051 0.010267571884984028 0.004563729683490194
3 0.02488618210862622 0.3269461077844311 0.0075399361022364195 0.004435414884516634
5 0.007939297124600637 0.31064870259481037 0.009265175718849841 0.007475049900199642
5 0.01341253993610225 0.30164385514684916 0.010684904153354631 0.0070558882235528635
5 0.018724041533546322 0.3081251782149986 0.010994408945686901 0.007130025662959826
5 0.0026956869009584663 0.30538922155688625 0.005391373801916933 0.006558311947533505
5 0.8840934504792333 0.34532934131736526 0.011653354632587976 0.007254063301967509
4 0.7539656549520766 0.38439549472483603 0.011216054313099057 0.005778443113772419
4 0.8400379392971246 0.3820302252637582 0.008724041533546428 0.009275734245794183
4 0.9421365814696486 0.44713572854291417 0.02156948881789146 0.018159395494724822
5 0.945157747603834 0.4326019389791845 0.01430710862619801 0.009056173367550675
4 0.9979033546325878 0.26874821785001424 0.004193290734824281 0.00855431993156544
4 0.9024261182108627 0.4163943541488452 0.009550718849840241 0.0071756487025948
4 0.9092352236421725 0.41703735386370117 0.00806908945686898 0.0071756487025948
4 0.9537420127795527 0.4181907613344739 0.02196086261980822 0.010768463073852258
4 0.9868111022364217 0.4255374964357 0.013338658146964711 0.013267750213858055
4 0.9702096645367413 0.4301881950384945 0.018232827476038237 0.018079555175363617
4 0.9630191693290735 0.4242386655260907 0.021827076677316194 0.01355717137154265
5 0.9756309904153355 0.3922982606216139 0.015928514376996893 0.009997148560022796
4 0.6270726837060703 0.4774023381807813 0.012669728434504757 0.0068135158254918685
4 0.5777775559105431 0.452382378100941 0.009223242811501518 0.007764471057884237
5 0.5834684504792332 0.429810379241517 0.006563498402555889 0.00594382663244933
5 0.5845467252396166 0.40497291132021673 0.0037819488817890574 0.0037952666096378517
3 0.6092751597444089 0.4082235528942116 0.004091453674121362 0.003812375249500967
3 0.6136681309904153 0.4086583974907328 0.004540734824281106 0.004615055603079539
4 0.613694089456869 0.37553036783575705 0.013069089456868974 0.010903906472768687
3 0.5943111022364218 0.3640832620473339 0.006928913738019133 0.009104647847162771
3 0.588292731629393 0.3650028514399772 0.006072284345047895 0.008565725691474185
5 0.5997843450479233 0.34846164813230684 0.007214456869009607 0.00550898203592819
5 0.6233186900958466 0.3207370972341032 0.010676916932907399 0.00657827202737387
5 0.6159424920127796 0.32467065868263467 0.0075379392971246005 0.006124893071000861
4 0.629129392971246 0.3309466780724266 0.012597843450479262 0.010116909039064733
3 0.638302715654952 0.33563159395494724 0.008682108626197995 0.011422868548617036
4 0.6312919329073483 0.3379968634160251 0.013596246006389805 0.007405189620758426
3 0.6220686900958465 0.3427516395779869 0.007803514376996791 0.009308525805531789
3 0.6144948083067093 0.3376290276589678 0.006972843450479248 0.008380382092956907
3 0.6214536741214057 0.33395494724836045 0.0069049520766773015 0.005978043912175691
5 0.5790654952076677 0.3328129455374964 0.007406150159744438 0.005814086113487275
5 0.5848262779552716 0.3352737382378101 0.007739616613418574 0.005456230396350219
4 0.5149201277955271 0.4374964357000285 0.012865415335463317 0.009726261762189943
3 0.5237959265175719 0.43961362988309094 0.007993210862619757 0.009816082121471396
4 0.4971685303514377 0.44318505845451955 0.008472444089456927 0.006660963786712326
4 0.45628793929712463 0.4625919589392643 0.004710463258785972 0.0061919019104648265
4 0.4599620607028754 0.45910322212717425 0.006250000000000036 0.006246079270031423
4 0.47199480830670926 0.4605374964357 0.009329073482428165 0.0065711434274308735
3 0.4649121405750799 0.4669731964642144 0.005878594249201198 0.006572569147419499
3 0.4661621405750799 0.46351154833190766 0.005339456869009541 0.006030795551753661
4 0.4672344249201278 0.4494610778443114 0.007486022364217209 0.007630453378956435
4 0.47618610223642166 0.44799116053607074 0.007008785942492085 0.005701454234388335
4 0.4627895367412141 0.44642144282862845 0.00584664536741209 0.006665240946678072
5 0.4635982428115016 0.44312375249501 0.0064516773162940095 0.004034787567721725
5 0.49709265175718853 0.5089193042486455 0.016707268370607042 0.008159395494724773
5 0.49793730031948885 0.4982934131736527 0.0006230031948881572 0.00042914171656689736
5 0.32773362619808305 0.4936370116909039 0.014532747603833905 0.014193042486455686
5 0.3412040734824281 0.4926447105788423 0.011649361022364246 0.015454804676361511
4 0.22430111821086265 0.4662033076703735 0.009378993610223603 0.007720273738237758
4 0.43052515974440897 0.3316609637867123 0.010341453674121398 0.008694040490447613
3 0.42637579872204473 0.3269332763045338 0.011000399361022394 0.007248360422013138
4 0.4902376198083067 0.3634017678927859 0.008438498402555955 0.008200741374394131
3 0.6627535942492012 0.2857927003136584 0.008777955271565503 0.009863130881094929
3 0.7347703674121405 0.26527231251782146 0.005039936102236378 0.006621043627031658
3 0.7402476038338658 0.26174793270601654 0.00714656549520766 0.009262902765896749
3 0.7306349840255592 0.25513972055888223 0.01034744408945681 0.005737097234103191
3 0.7342292332268372 0.26003992015968064 0.0073542332268370465 0.007610493299116069
4 0.7617671725239618 0.24747362418021102 0.011515575079872218 0.01137296834901625
4 0.7724420926517572 0.244213002566296 0.010331469648562257 0.009962931280296565
4 0.7757288338658148 0.2497533504419732 0.009003594249201307 0.010118334759053294
3 0.7845666932907348 0.2499743370402053 0.007679712460063905 0.007034502423724001
3 0.7876417731629394 0.2445223838038209 0.010786741214057595 0.008464499572283988
3 0.7418390575079873 0.244114627887083 0.008997603833865895 0.009059024807527797
4 0.7465295527156549 0.2449486740804106 0.006305910543130976 0.00871257485029942
4 0.7819488817891374 0.21955089820359283 0.011435702875399448 0.009880239520958109
4 0.8248182907348242 0.20877388080980894 0.01678913738019168 0.017435129740518956
4 0.837869408945687 0.21012688907898489 0.014189297124600537 0.016907613344739114
4 0.850982428115016 0.19721699458226405 0.02194688498402553 0.0147262617621899
4 0.7925119808306709 0.18225548902195607 0.017971246006389777 0.016649558026803565
3 0.8149960063897763 0.1886142001710864 0.013750000000000026 0.018155118334759072
3 0.8245367412140575 0.18906615340747077 0.007739616613418574 0.01625748502994015
3 0.8497224440894569 0.2143726832050185 0.012266373801916992 0.01370402053036782
4 0.808202875399361 0.20364128885086968 0.01252196485623004 0.010901055032791564
4 0.947366214057508 0.2466295979469632 0.008734025559105388 0.007988309096093556
4 0.9502436102236421 0.2422740233818078 0.008170926517571899 0.006743655546050781
3 0.9291773162939296 0.2337824351297405 0.008907747603833982 0.01066010835471913
3 0.9008805910543131 0.2371271742229826 0.012490015974440749 0.012370972341032219
4 0.9209205271565496 0.23401625320786998 0.013182907348242899 0.012370972341032219
4 0.9464097444089457 0.23588109495295123 0.012352236421725355 0.007536355859709172
4 0.9586741214057508 0.24221271742229827 0.011787140575080002 0.009355574565155388
4 0.9213578274760383 0.24196321642429428 0.009872204472843552 0.008609923011120598
4 0.9280451277955271 0.24144995722840035 0.007997204472843305 0.008080980895352129
4 0.9361281948881789 0.23861990305104078 0.01025958466453658 0.01187482178500142
5 0.8105051916932908 0.1694810379241517 0.009259185303514356 0.00953806672369548
3 0.8397284345047923 0.16040633019674935 0.01803314696485613 0.0094268605645851
3 0.8096246006389777 0.13603079555175362 0.00506389776357821 0.006213287710293688
3 0.8058087060702875 0.13599800399201598 0.005055910543130932 0.004692044482463656
3 0.7943170926517571 0.13380096948959225 0.008594249201277947 0.005681494154548034
3 0.7910543130990416 0.1438893641288851 0.006064297124600617 0.005390647276874814
3 0.7968250798722045 0.14118334759053322 0.004588658146964769 0.005176789278585678
3 0.7998602236421725 0.13716994582264044 0.005952476038338738 0.0039905902480752795
3 0.8011741214057507 0.14178500142571998 0.003877795527156564 0.004606501283147982
3 0.8051577476038337 0.12890219560878244 0.005455271565495149 0.0027445109780439123
5 0.754530750798722 0.17169518106643855 0.00640575079872203 0.004787567721699448
5 0.7329333067092652 0.16434131736526947 0.00920127795527155 0.005705731394354146
5 0.7434784345047923 0.16423296264613632 0.008214856230032014 0.00388651268890793
5 0.7380231629392973 0.16251924721984604 0.006186102236421638 0.004198745366410011
5 0.7338238817891374 0.16688195038494438 0.0041154153354631936 0.002951240376390051
5 0.7342152555910543 0.17166381522668947 0.007318290734824208 0.004101796407185626
5 0.729676517571885 0.16879526660963787 0.004448881789137329 0.0028172226974622497
5 0.742643769968051 0.17775306529797547 0.004189297124600552 0.0033860849729113202
5 0.7961361821086262 0.22704590818363274 0.009914137380191621 0.005943826632449395
5 0.7903634185303515 0.22278870829769035 0.010313498402555838 0.005547476475620167
5 0.7928035143769967 0.23567579127459368 0.007883386581469561 0.004895922440832641
5 0.7808985623003194 0.23577986883376104 0.007613817891373824 0.004307100085543205
4 0.6165055910543131 0.23488736812090105 0.00977436102236418 0.008771029369831762
4 0.5462180511182109 0.23184203022526378 0.013061102236421696 0.011703735386370137
3 0.5426657348242812 0.22577131451382948 0.008951677316293915 0.010537496435700008
4 0.8740774760383386 0.6128186484174508 0.013522364217252265 0.012693185058454614
4 0.8449660543130991 0.609932991160536 0.016839057507987205 0.013551468491588147
4 0.854900159744409 0.6151981750784146 0.013482428115016062 0.014995722840034259
4 0.8547703674121405 0.5893484459652124 0.012366214057508046 0.010199600798403319
3 0.8647464057507986 0.6190633019674935 0.00896365814696474 0.011157684630738554
3 0.8294029552715654 0.6048346164813231 0.0074101437699681675 0.008183632734530885
3 0.8368809904153356 0.6054319931565441 0.0063598242811502325 0.007370972341032325
3 0.8660802715654952 0.5974009124607927 0.009472843450479334 0.0044026233247788996
3 0.8629153354632587 0.5908511548331907 0.007975239616613521 0.007275449101796501
4 0.8380331469648562 0.5565796977473624 0.012372204472843276 0.01209723410322218
5 0.8846545527156551 0.5778599942971201 0.009748402555910486 0.00596236099230107
5 0.8925079872204473 0.5803578557171372 0.008728035143769793 0.0048631308810949065
5 0.8762759584664538 0.5711334473909324 0.007603833865814682 0.004061876247504959
5 0.8832727635782748 0.570786997433704 0.007781549520766642 0.005323638437410913
5 0.854408945686901 0.57678500142572 0.007004792332268356 0.004700598802395246
5 0.8682747603833865 0.5831394354148844 0.007653753993610209 0.0054975762760194466
5 0.9431789137380191 0.5819518106643855 0.01229432907348237 0.006505560307955533
5 0.957074680511182 0.5825377815796977 0.014115415335463361 0.009205873966352966
5 0.9515615015974441 0.5684388366124893 0.017647763578274602 0.009287140005702927
5 0.9353294728434505 0.5685414884516681 0.009438897763578362 0.007452238380382155
5 0.9454253194888178 0.603615625891075 0.016218051118210734 0.011873396065012925
5 0.9441753194888179 0.5895181066438552 0.016817092651757057 0.007403763900769931
5 0.9533785942492013 0.5737653264898773 0.015403354632587744 0.006458511548331934
4 0.8558406549520767 0.5328400342172798 0.008406549520766846 0.007706016538351894
4 0.851541533546326 0.5289734816082121 0.006026357827476097 0.007189905902480794
5 0.843003194888179 0.5352395209580838 0.007418130990415263 0.00507128599942967
4 0.8252775559105431 0.5442914171656686 0.011843051118210761 0.008733960650128346
4 0.8186661341853035 0.5512988309096093 0.01138578274760392 0.010510407755916775
4 0.8088718051118211 0.548222127174223 0.013488418530351475 0.010477616196179039
4 0.7969828274760383 0.549606501283148 0.010459265175718872 0.009338465925292272
4 0.8039017571884983 0.5520402053036784 0.008109025559105367 0.009518106643855178
5 0.8343590255591055 0.5380866837753066 0.006549520766773018 0.005392072996863374
3 0.7799600638977636 0.5357841459937268 0.00465854632587858 0.006538351867693138
4 0.7938218849840256 0.49773738237810095 0.008013178913738041 0.008209295694325625
3 0.8058146964856231 0.49716852010265183 0.008130990415335514 0.00757912745936696
3 0.8195626996805112 0.49988594240091244 0.011369808306709276 0.006766467065868268
3 0.796182108626198 0.5129925862560594 0.0034544728434505157 0.004910179640718506
3 0.8001138178913738 0.5110635871114912 0.0067611821086261325 0.005999429712004552
3 0.7922823482428115 0.5118277730253779 0.0037959265175719287 0.006358711149130363
5 0.8032847444089457 0.522224123182207 0.010912539936102163 0.005655831194753361
5 0.769197284345048 0.5166324493869404 0.008017172523961589 0.005788423153692666
5 0.7811222044728434 0.515052751639578 0.007695686900958459 0.004258625605930979
5 0.780369408945687 0.521581123467351 0.006647364217252389 0.005916737952666096
5 0.7832667731629394 0.5183333333333333 0.008081070287539988 0.0038180781294553387
5 0.7945626996805112 0.5194240091246078 0.005323482428114987 0.0037211291702310186
5 0.8482408146964856 0.5369703450242372 0.007933306709265089 0.0070230966638152575
4 0.8319129392971246 0.5324579412603364 0.010870607028754095 0.004971485600228099
3 0.7621166134185304 0.4212275449101796 0.008610223642172503 0.009669232962646095
3 0.7650479233226837 0.4166067864271457 0.010227635782747655 0.013366124893071001
3 0.77506589456869 0.42147134302822925 0.010093849840255627 0.012005988023952101
4 0.5628993610223643 0.10926717992586256 0.009388977635782834 0.007821499857427987
4 0.5748003194888179 0.10665098374679212 0.009017571884983996 0.007108639863130867
4 0.5433107028753994 0.14050042771599658 0.01121805111821092 0.01334759053321926
3 0.5355870607028753 0.1434431137724551 0.005587060702875312 0.009459652124322785
5 0.5611341853035143 0.12113202167094382 0.008845846645367448 0.006581123467351024
5 0.5525958466453674 0.11333903621328771 0.009047523961661422 0.009177359566581108
5 0.5512879392971246 0.1279669232962646 0.013562300319488832 0.00958511548331908
4 0.5704033546325878 0.14248788138009694 0.012717651757188418 0.013252067293983469
3 0.5504233226837061 0.09612774451097804 0.004702476038338695 0.003913601368691196
3 0.5551577476038339 0.09285571713715426 0.009081469648562213 0.005124037639007707
4 0.5592032747603833 0.09850299401197604 0.00780750798722052 0.010480467636156258
3 0.5639856230031948 0.09672226974622183 0.006116214057508009 0.0065668662674650624
3 0.6001717252396166 0.09124607927003137 0.005547124600638927 0.007025948103792411
3 0.594686501597444 0.09276304533789563 0.005427316293929771 0.005541773595665796
5 0.5903055111821086 0.223517251211862 0.008971645367412198 0.006487025948103792
5 0.5761701277955271 0.2246321642429427 0.006611421725239551 0.005719988594240076
5 0.5804512779552715 0.2204191616766467 0.0069868210862619375 0.004289991445680089
5 0.5955770766773162 0.22056886227544908 0.006827076677316214 0.00492301112061594
4 0.5566034345047923 0.26621043627031654 0.01036541533546323 0.009051896207584799
5 0.5877595846645367 0.2520459081836327 0.01089656549520761 0.00994154548046764
4 0.5895487220447284 0.2548360422013117 0.008873801916932827 0.00815226689478184
5 0.6324980031948882 0.22049187339606502 0.008837859424920172 0.008731109210151095
5 0.6375758785942491 0.21865269461077846 0.0075000000000000795 0.004920159680638754
4 0.6393390575079873 0.29023239235814086 0.011206070287539914 0.013344739093242106
5 0.6354672523961662 0.28353150841174796 0.006821086261980801 0.0041046478471628125
5 0.6265794728434505 0.28045908183632734 0.005467252396166156 0.0034573709723410323
5 0.6382887380191694 0.305839749073282 0.007242412140575167 0.0037539207299686237
5 0.6317112619808306 0.30150128314798974 0.011066293929712475 0.005903906472768727
5 0.6302196485623004 0.2777502138579983 0.007519968051118182 0.004201596806387197
1 0.6520966453674121 0.2761847733105218 0.009175319488817855 0.006400057028799526
3 0.6642472044728435 0.27666809238665524 0.0061721246006389485 0.006367265469061856
5 0.73066892971246 0.29138294838893647 0.008154952076677345 0.0064856002281152
3 0.6828494408945687 0.31495295124037637 0.005145766773163026 0.009406900484744733
3 0.6898861821086262 0.31416880524664953 0.005511182108626271 0.010919589392643305
4 0.7176777156549521 0.32739235814086115 0.010343450479233263 0.007268320501853374
3 0.7031289936102237 0.32523952095808384 0.007092651757188585 0.008344739093242052
3 0.693516373801917 0.32672512118619906 0.004428913738019228 0.007591958939264329
3 0.6946825079872205 0.31629455374964355 0.0053514376996805476 0.006946107784431174
2 0.6885642971246007 0.30451810664385515 0.005393370607028798 0.006327345309381253
2 0.6928813897763578 0.2997063016823496 0.007711661341853014 0.004006273167949866
4 0.7113099041533546 0.3028229255774166 0.009580670926517485 0.007723125178215009
4 0.7256090255591056 0.3087639007698888 0.011783146964856274 0.0073709723410321955
4 0.7367432108626197 0.29786712289706296 0.007651757188498344 0.006324493869404002
5 0.7193690095846647 0.29444111776447107 0.007529952076677324 0.005670088394639322
2 0.6962180511182108 0.3053949244368406 0.008178913738019176 0.005240946678072457
4 0.6546485623003194 0.29500712859994294 0.006819089456868937 0.007167094382663275
3 0.65125 0.28594952951240377 0.007743610223642122 0.008644140290846893
5 0.5956130191693291 0.3195280866837753 0.009550718849840241 0.003291987453664121
5 0.4920107827476038 0.3075477616196179 0.0073162939297125255 0.004831765041345927
4 0.5040215654952076 0.42236526946107783 0.0070347444089455995 0.007010265183917889
4 0.4998961661341853 0.432526375819789 0.006202076677316374 0.007470772740233766
4 0.5067112619808307 0.43429712004562304 0.006130191693290698 0.0060464784716281516
4 0.5032108626198083 0.44544767607641855 0.009109424920127774 0.006601083547191358
4 0.4683765974440895 0.46561448531508415 0.005782747603833873 0.0056672369546621046
3 0.31679712460063897 0.4167864271457086 0.0064017571884983915 0.009559452523524406
3 0.2974820287539936 0.42525520387795834 0.00569289137380196 0.007631879098944931
3 0.2971265974440895 0.4200556030795552 0.007605830670926547 0.007309666381522731
3 0.2866713258785943 0.420309381237525 0.006920926517571856 0.007405189620758426
3 0.3210023961661342 0.4232050185343599 0.006212060702875425 0.0071756487025948
3 0.28753394568690094 0.40134587966923296 0.007823482428114984 0.009344168805246644
4 0.2961861022364218 0.3919090390647277 0.016423722044728434 0.009312802965497535
3 0.29175718849840254 0.39719133162246933 0.011767172523961629 0.0074664955802680195
5 0.2698682108626198 0.3932492158540063 0.011287939297124641 0.0087767322497862
5 0.28077476038338656 0.39440262332477904 0.009295127795527193 0.0069004847447960704
5 0.259151357827476 0.39795409181636726 0.012002795527156575 0.006658112346735075
5 0.24600439297124596 0.3962917023096664 0.009738418530351433 0.00842600513259201
5 0.2543949680511183 0.39345024237239806 0.009147364217252386 0.005960935272312575
5 0.2583566293929712 0.38599942971200457 0.011361821086261999 0.008214998574279996
5 0.2306529552715655 0.40018106643855145 0.01969249201277953 0.011819218705446199
4 0.2546964856230032 0.4049714856002281 0.014790335463258818 0.011122041631023698
5 0.23967452076677315 0.3831907613344739 0.008676118210862583 0.005779868833761044
5 0.24453075079872208 0.3877388080980895 0.01022164536741215 0.006295979469632143
4 0.32236022364217254 0.3275392072996864 0.014686501597444127 0.011612489307100059
5 0.32152156549520766 0.3170031365839749 0.008975638977635746 0.006752209865982274
5 0.3293270766773163 0.31929712004562305 0.009119408945686915 0.006394354148845219
5 0.3359464856230032 0.3147077274023382 0.00878594249201278 0.005064157399486803
5 0.33887579872204476 0.3197333903621329 0.00986222044728432 0.006899059024807574
3 0.41812100638977634 0.32850014257199883 0.005155750798721987 0.005101226119190155
3 0.4158746006389776 0.33689193042486454 0.005934504792332319 0.0077958368976333466
5 0.4653674121405751 0.6642001710863986 0.013544329073482414 0.010222412318220806
5 0.482823482428115 0.6668805246649558 0.014123402555910457 0.00910179640718565
3 0.500636980830671 0.6318177929854576 0.0041673322683705855 0.006357285429141738
3 0.3916573482428115 0.7440775591673795 0.007362220447284323 0.007452238380382155
4 0.3846226038338658 0.7420330767037354 0.008566293929712478 0.008778157969774695
3 0.38120607028753994 0.7396136298830909 0.00658746006389772 0.007112917023096581
4 0.34147364217252396 0.7032648987738808 0.009003594249201307 0.007683205018534277
4 0.3321226038338658 0.6993441688052466 0.008781948881789141 0.008023952095808477
4 0.34871206070287536 0.69847875677217 0.01095247603833864 0.008254918733960599
3 0.3360583067092652 0.7014699173082406 0.005507188498402541 0.0065939549472483604
3 0.3325818690095847 0.694985742800114 0.00787340255591051 0.006036498431708033
5 0.37969848242811505 0.7183875106929 0.008524361022364228 0.005075563159395546
5 0.379720447284345 0.7255631593954948 0.007499999999999989 0.005101226119190285
5 0.368560303514377 0.7260165383518676 0.00872603833865811 0.005873966353008373
4 0.3956449680511182 0.6863487311092101 0.007150559105431299 0.006062161391502771
4 0.4026657348242812 0.6847162817222698 0.006020367412140593 0.0046022241231823005
3 0.39248801916932907 0.6845451953236383 0.0050299520766773275 0.003478756772169894
3 0.39934305111821083 0.6871970345024238 0.002941293929712464 0.0046492728828059
4 0.3786261980830671 0.5960806957513544 0.005551118210862656 0.006910464784716189
3 0.38445487220447283 0.5958682634730539 0.00694089456869014 0.006344453949244369
3 0.388861821086262 0.5934017678927859 0.007541932907348239 0.004709153122326868
5 0.29614616613418526 0.5647619047619047 0.015207667731629364 0.006883376104932955
5 0.3192332268370607 0.44868120901055036 0.010231629392971203 0.006260336469917287
5 0.3142891373801917 0.4545979469632164 0.005960463258785924 0.004512403763900718
5 0.3083386581469648 0.4491374394069005 0.006481629392971254 0.00503706871970344
5 0.27243610223642173 0.4629098944967208 0.013250798722044753 0.008106643855146803
5 0.2678095047923323 0.4718391787852866 0.023262779552715655 0.009727687482178438
4 0.310870607028754 0.4377359566581124 0.012034744408945683 0.007279726261762247
3 0.06611621405750796 0.36961790704305675 0.006323881789137372 0.007298260621613858
3 0.06843250798722045 0.36830196749358424 0.005283546325878601 0.007229826062161397
3 0.08640175718849841 0.3825178214998574 0.006884984025559109 0.006953236384374171
4 0.07066493610223644 0.38004134587966926 0.011180111821086264 0.01038637011690909
3 0.0620347444089457 0.3817051611063587 0.008803913738019175 0.007514970059880245
3 0.07461261980830673 0.3719589392643285 0.008180910543130996 0.008317650413458817
3 0.06869608626198083 0.3860122611919019 0.0038218849840255566 0.006650983746792078
3 0.07427316293929713 0.3863544339891645 0.006307907348242818 0.006119190191046489
4 0.08865814696485623 0.3890305104077559 0.008841853035143765 0.009124607927003137
5 0.08153953674121404 0.40882948388936413 0.005884584664536747 0.004031936127744475
5 0.07476038338658149 0.4070972341032221 0.005311501597444094 0.004214428286284631
5 0.07163338658146964 0.3922754491017964 0.007993210862619803 0.00481180496150556
3 0.07925119808306712 0.38239235814086114 0.008266773162939292 0.009485315084117443
3 0.10002795527156551 0.3846278870829769 0.00952675718849841 0.006750784145993779
3 0.09787539936102238 0.3896150556030796 0.00788937699680511 0.007537781579697732
4 0.013845846645367395 0.6804262902765897 0.008051118210862619 0.00884516680923879
4 0.0063498402555910455 0.6774208725406331 0.01216653354632588 0.008381807812945662
5 0.032290335463258796 0.670839749073282 0.01173722044728434 0.004432563444539513
5 0.024307108626198087 0.6702138579982891 0.0037120607028753973 0.004030510407755979
3 0.032531948881789154 0.6517536355859709 0.005912539936102239 0.006762189905902522
3 0.03813498402555911 0.6526660963786712 0.006523562300319492 0.007015968063872131
4 0.10424720447284344 0.6787824351297405 0.0071645367412140675 0.006582549187339617
5 0.1462579872204473 0.7806829198745366 0.00710662939297123 0.006285999429712025
4 0.11912140575079871 0.7539877388080981 0.00955471246006388 0.008584260051325796
5 0.1278294728434505 0.7732648987738808 0.007973242811501611 0.004168805246649527
5 0.15324480830670922 0.7837510692899914 0.007817492012779571 0.0048217850014256785
5 0.1539576677316294 0.7784644995722839 0.007342252396166131 0.004619332763045286
4 0.1278893769968051 0.7547946963216424 0.006793130990415332 0.009307100085543293
5 0.14093250798722043 0.7782663244938695 0.008210862619808286 0.005240946678072457
5 0.1342232428115016 0.7747333903621328 0.007458067092651739 0.005976618192187065
5 0.23909345047923325 0.7825064157399487 0.007068690095846664 0.005786997433704041
5 0.24635782747603838 0.7747490732820075 0.007028753993610188 0.004754776161961843
5 0.24959864217252392 0.7801938979184487 0.006882987220447245 0.004147419446820665
5 0.24112020766773168 0.7782292557741659 0.006427715654952088 0.003822355289421085
5 0.3211321884984026 0.73776874821785 0.0067691693290735004 0.0041189050470486765
5 0.32733825878594247 0.7403250641573995 0.005327476038338625 0.003960650128314892
5 0.3200059904153355 0.7343883661248931 0.004257188498402589 0.00312660393498721
5 0.3262400159744409 0.7358411747932705 0.007519968051118182 0.003353293413173715
4 0.30045127795527155 0.7510393498716852 0.008584265175718806 0.008088109495295061
4 0.2918490415335463 0.7516994582264044 0.007697683706070324 0.007593384659252954
3 0.265379392971246 0.7455674365554605 0.0035403354632587898 0.005493299116053701
3 0.26891573482428116 0.7456387225548902 0.005840654952076678 0.005844026233247759
4 0.2237240415335463 0.7487909894496722 0.007729632587859432 0.005188195038494357
4 0.10953274760383386 0.9124807527801541 0.00940295527156548 0.009319931565440661
4 0.11127595846645368 0.9057228400342172 0.009430910543130994 0.006796407185628753
4 0.12121006389776358 0.9291745081266038 0.009113418530351457 0.009302822925577417
4 0.11432108626198083 0.9249643570002851 0.010039936102236417 0.008193612774451004
4 0.12850838658146962 0.9252552038779583 0.00824081469648562 0.0077088679783290145
4 0.1318170926517572 0.9330524664955803 0.0077236421725239745 0.008351867693185048
3 0.13345047923322684 0.9379897348160822 0.005545127795527153 0.0046977473624181245
3 0.1410902555910543 0.934205873966353 0.007555910543130974 0.009245794126033699
5 0.14989816293929714 0.9209495295124037 0.006222044728434521 0.004970059880239604
5 0.1438378594249201 0.9198217850014258 0.0058965654952076625 0.005047048759623558
5 0.14137579872204473 0.9272868548617051 0.008997603833865804 0.004734816082121347
4 0.11595447284345049 0.9138095238095238 0.0073142971246006605 0.009064727687482168
4 0.1221964856230032 0.9122483604220132 0.007851437699680499 0.0087168520102651
4 0.016216054313099047 0.8818263473053892 0.008348642172523962 0.009147419446820624
4 0.022172523961661333 0.8788779583689763 0.0070487220447284366 0.00720986598232103
3 0.014315095846645379 0.8756871970345024 0.004908146964856228 0.006813515825491998
5 0.019001597444089472 0.8741631023666951 0.007242412140575082 0.0040233818078128526
4 0.15424121405750799 0.8644568006843456 0.007406150159744392 0.009354148845166893
4 0.1492052715654952 0.8610265183917878 0.010051916932907332 0.008005417735956605
4 0.16079273162939298 0.8605289421157685 0.006186102236421729 0.005865412033076621
3 0.16282348242811504 0.8637225548902195 0.004666533546325857 0.003883661248930679
3 0.16489416932907347 0.8605560307955517 0.005926517571884997 0.0041588252067294084
4 0.13313698083067094 0.8555075563159396 0.010277555910543136 0.007276874821785126
4 0.14508186900958464 0.8445908183632734 0.009291134185303508 0.007995437696036488
4 0.1373402555910543 0.8455546050755632 0.0066014376996805 0.006986027944111776
3 0.14137779552715654 0.8337325349301398 0.004902156549520757 0.005660108354719237
3 0.14402755591054311 0.8317408041060735 0.007799520766773152 0.007991160536070612
4 0.16640774760383384 0.8350042771599658 0.008210862619808286 0.009130310806957639
4 0.15891573482428112 0.8323838038209296 0.00788937699680511 0.008471628172226985
3 0.1624580670926518 0.8324251497005988 0.006375798722044741 0.006673795266609565
3 0.17426916932907344 0.8344582264043342 0.008013178913738041 0.007165668662674682
5 0.19055910543130994 0.8150598802395209 0.008845846645367403 0.007041631023666868
5 0.18264776357827472 0.820287995437696 0.007951277955271552 0.004425434844596646
5 0.2000099840255591 0.818291987453664 0.006605431309904139 0.005179640718562864
5 0.20434105431309907 0.819258625605931 0.005305511182108636 0.004329911605360821
5 0.2083506389776358 0.8168220701454234 0.005419329073482403 0.004880239520958021
5 0.20460862619808304 0.8237482178500143 0.0063757987220447185 0.0034145993726833086
3 0.2166892971246006 0.823714000570288 0.006164137380191672 0.007198460222412287
5 0.23504193290734826 0.8410236669518106 0.01429313099041532 0.007035928143712626
3 0.23594848242811503 0.8352152837182777 0.009223242811501609 0.005960935272312445
5 0.24865814696485627 0.8069019104647847 0.007607827476038321 0.00507128599942967
5 0.24291333865814702 0.802512118619903 0.01000599041533549 0.00472768748217848
5 0.23054313099041532 0.8159366980325063 0.008584265175718806 0.008996293128029707
5 0.24032148562300323 0.8067222697462219 0.005463258785942517 0.00419304248645564
5 0.22981829073482424 0.8059081836327345 0.013338658146964893 0.009804676361562651
4 0.38762380191693285 0.8343013972055888 0.0068071086261981125 0.006573994867408124
5 0.31490015974440894 0.7433290561733675 0.005672923322683677 0.004747647562018716
4 0.3195786741214057 0.7430496150556031 0.004554712460063887 0.005153977758768126
5 0.16322883386581466 0.6169332763045338 0.008933706070287541 0.004754776161961843
5 0.16933706070287538 0.6205260906757912 0.008861821086262003 0.005014257199885953
5 0.18885982428115014 0.6205260906757912 0.007410143769968031 0.005879669232962615
5 0.17517172523961666 0.6212418021100656 0.005982428115015982 0.0069774736241802835
5 0.18168929712460066 0.6225178214998575 0.005231629392971255 0.0039905902480752466
5 0.1800978434504792 0.6189677787282577 0.005648961661341846 0.003802395209580849
4 0.47438099041533544 0.6234502423723981 0.008132987220447196 0.007216994582264157
3 0.7268250798722043 0.6064029084687768 0.00623801916932903 0.0081665240946679
4 0.7316353833865814 0.6051069289991446 0.008795926517571922 0.008051040775591581
4 0.703326677316294 0.5993341887653264 0.007731629392971297 0.007024522383803883
4 0.7095846645367413 0.5974479612204163 0.00738418530351429 0.006345879669232994
5 0.7237240415335463 0.5998659823210721 0.005724840255591068 0.003445965212432289
5 0.7277476038338659 0.5973795266609638 0.004922124600638905 0.003381807812945444
3 0.9000678913738019 0.672080125463359 0.01028554313099046 0.007909894496720781
3 0.8914796325878593 0.6814414029084688 0.008951677316293915 0.010460507556316053
3 0.9015215654952076 0.6880980895352152 0.007699680511182007 0.007389506700883936
3 0.9094109424920128 0.6821628172226974 0.008668130990415307 0.010644425434844576
3 0.8984684504792332 0.6834630738522954 0.00527356230031946 0.009043341887653307
3 0.854810303514377 0.6695836897633305 0.007739616613418574 0.003381807812945444
2 0.8560423322683707 0.6728799543769604 0.004908146964856215 0.0034203022526375507
2 0.8619289137380192 0.673457370972341 0.006379792332268516 0.003314798973481608
3 0.8613757987220448 0.6702537781579697 0.006749201277955127 0.00288280581693746
2 0.8705890575079872 0.6875591673795266 0.005425319488817906 0.005052751639578059
3 0.873716054313099 0.688819503849444 0.003584265175718995 0.004632164242942655
3 0.8782408146964855 0.6874536641003707 0.005758785942492042 0.006313088109495388
2 0.8693011182108626 0.6848146564014828 0.005351437699680366 0.003974907328200627
3 0.8723182907348243 0.6819389791844882 0.0037320287539937117 0.004717707442258361
4 0.9107288338658147 0.7840191046478471 0.008670127795527172 0.007559167379526723
5 0.9209205271565496 0.7819532363843741 0.011184105431309948 0.00498716852010259
5 0.9182987220447285 0.7773167949814657 0.0063598242811502325 0.003187909894496804
5 0.9048602236421726 0.7517735956658111 0.008438498402555955 0.004441117764471006
5 0.8931769169329073 0.7489806102081552 0.005718849840255475 0.004539492443684081
5 0.898270766773163 0.7471271742229827 0.005141773162939297 0.004168805246649527
4 0.9043789936102237 0.7465098374679213 0.006379792332268516 0.004305674365554709
4 0.7691134185303515 0.9521485600228115 0.009984025559105431 0.008083832335329446
4 0.7784105431309903 0.9484274308525806 0.00930311501597447 0.009014827487881318
4 0.7730850638977635 0.9526832050185343 0.00464456869009589 0.004332763045337812
4 0.7686242012779554 0.945474764756202 0.005321485623003122 0.005434844596521357
4 0.8355890575079873 0.9531608212147135 0.008650159744408888 0.006402908468776712
4 0.8405231629392972 0.9582178500142572 0.0084225239616614 0.0062874251497006504
4 0.8493650159744409 0.9543926432848588 0.006136182108626111 0.007192757342458045
3 0.8438458466453673 0.9530667236954663 0.008552316293929697 0.007362418021100573
3 0.9111301916932907 0.919069004847448 0.009301118210862606 0.009006273167949825
4 0.901930910543131 0.9202537781579697 0.009101437699680496 0.008709723410322234
4 0.7959185303514377 0.9235457656116339 0.006529552715654916 0.005869689193042497
4 0.7881988817891374 0.9243698317650413 0.008648162939297205 0.004915882520672878
4 0.786539536741214 0.9210336469917308 0.007280351437699688 0.007169945822640558
4 0.7834125399361023 0.9181622469347019 0.00623801916932903 0.006635300826917718
4 0.7962599840255591 0.9184759053321927 0.008775958466453638 0.0063159395494723795
4 0.8211501597444089 0.8841402908468776 0.007282348242811462 0.007442258340462037
4 0.8281389776357827 0.8824836042201312 0.009019568690095861 0.006534074707727392
3 0.8115894568690095 0.8832378100940975 0.006827076677316214 0.005932420872540716
3 0.8500179712460064 0.8618719703450243 0.006944888178913869 0.007475049900199642
3 0.8551417731629394 0.8611177644710579 0.007282348242811371 0.006911890504704814
3 0.860201677316294 0.8631750784145994 0.005457268370607014 0.006055032791559644
3 0.8614037539936102 0.8615169660678643 0.005541134185303514 0.004632164242942655
3 0.814285143769968 0.8730795551753635 0.01017971246006381 0.00635015682919887
3 0.6532747603833866 0.7951340176789278 0.006008386581469677 0.006505560307955403
3 0.6797803514376997 0.7883818078129455 0.006529552715654916 0.006461362988309054
3 0.6588718051118211 0.7919347020245224 0.005059904153354662 0.005275163957798689
5 0.6808366613418531 0.7764014827487882 0.005844648562300407 0.007121471343028333
5 0.6729013578274761 0.7776618192187055 0.0052156549520766555 0.00740091246079268
5 0.6650179712460064 0.7719019104647847 0.008015175718849906 0.005163957798688244
5 0.6831369808306709 0.7705774165953807 0.008168929712460036 0.004379811804961413
5 0.7351078274760383 0.7865483319076134 0.006733226837060753 0.00458368976333043
5 0.7422603833865814 0.7880139720558882 0.010081869009584622 0.005088394639292916
5 0.7491493610223642 0.788956372968349 0.006499600638977672 0.003799543769603598
5 0.7532547923322684 0.79026375819789 0.0061341853035144275 0.004918733960650129
5 0.7579333067092651 0.792905617336755 0.004794329073482472 0.003799543769603598
5 0.761595447284345 0.7927274023381807 0.006711261980830606 0.0038736812090105605
5 0.7820746805111821 0.7342001710863987 0.009408945686900937 0.007637581978899303
5 0.7956509584664536 0.7350898203592815 0.009287140575079915 0.007737382378101003
5 0.8048582268370607 0.7379569432563444 0.01082268370607025 0.007770173937838609
5 0.8586960862619809 0.7418733960650128 0.01386381789137386 0.010276589677787272
5 0.8849321086261981 0.7178229255774167 0.013015175718849898 0.007698887938408896
5 0.8854592651757188 0.7389905902480752 0.01165535143769984 0.006504134587967037
5 0.8735982428115016 0.7119418306244654 0.012068690095846747 0.009315654405474785
5 0.8754712460063897 0.7262688907898489 0.01581669329073465 0.008621328771029276
4 0.9540874600638977 0.7428300541773596 0.008921725239616672 0.007172797262617549
4 0.9443869808306709 0.7440732820074137 0.007464057507987061 0.006971770744225782
4 0.8400918530351438 0.7833290561733676 0.007627795527156695 0.007423723980610167
3 0.8298742012779553 0.782747362418021 0.005996405750798853 0.0060863986313088835
3 0.8348722044728435 0.7842942686056459 0.005533146964856055 0.00784145993726832
3 0.8460742811501598 0.7851183347590532 0.0063638178913739615 0.006017964071856163
5 0.8695587060702875 0.7420017108639863 0.01089257188498388 0.009794696321642532
2 0.8850039936102237 0.731573994867408 0.015928514376996893 0.006792130025662877
5 0.8368769968051119 0.5430695751354434 0.010465255591054283 0.0058155118334759
5 0.8077855431309905 0.5380909609352723 0.006136182108626111 0.004512403763900718
5 0.7617372204472843 0.5295138294838894 0.009456869009584598 0.007654690618762418
4 0.737476038338658 0.545558882235529 0.009005591054313172 0.007232677502138518
3 0.6215255591054314 0.4808682634730539 0.00633586261980822 0.008173652694610768
4 0.5636202076677316 0.736760764185914 0.013202875399361 0.01128742514970061
4 0.5760822683706072 0.7231437125748503 0.011857028753993632 0.011261762189905872
4 0.5691493610223642 0.7352238380382092 0.006202076677316374 0.00812945537496442
5 0.5624680511182109 0.7254433989164528 0.01114816293929711 0.007396635300826803
5 0.5413797923322684 0.7264998574280012 0.008276757188498365 0.006146278870829852
5 0.5517811501597445 0.7235443398916452 0.008622204472843509 0.006484174508126541
5 0.5747923322683707 0.7126147704590818 0.007779552715654959 0.005775591673795297
5 0.5568031150159743 0.7168862275449102 0.008338658146964899 0.0057855717137154155
5 0.5430790734824281 0.7214699173082407 0.009149361022364159 0.004499572284003349
3 0.5286801118210863 0.6566467065868263 0.011405750798722024 0.004612204163102419
5 0.21607428115015972 0.8080282292557742 0.013983626198083106 0.007018819503849381
5 0.12209664536741215 0.8296193327630453 0.011046325878594236 0.008350441973196423
5 0.12908146964856232 0.8269903051040776 0.007254392971245992 0.00680353578557162
5 0.11874001597444091 0.8262161391502709 0.009095447284345038 0.005876817792985364
5 0.12399161341853036 0.8239749073282007 0.008338658146964854 0.007268320501853374
4 0.15317492012779552 0.8150826917593385 0.007797523961661333 0.005567436555460404
5 0.2188518370607029 0.8410621613915027 0.011369808306709276 0.0061847733105217
4 0.19192292332268374 0.4328528656971771 0.014277156549520767 0.012921300256629614
4 0.17930511182108627 0.4326005132591959 0.016387779552715642 0.014714856002281158
4 0.13069488817891373 0.452269746221842 0.01286940894568691 0.010121186199030479
4 0.14240814696485624 0.45786854861705156 0.012164536741214073 0.008685486170516121
4 0.19217252396166137 0.42574565155403477 0.012767571884984036 0.011341602509267206
3 0.21504592651757184 0.4190347875677217 0.011058306709265197 0.00854148845166807
3 0.19106829073482426 0.4106715141146279 0.006535543130990419 0.005024237239806071
3 0.20117212460063894 0.41666524094667806 0.007841453674121403 0.0043783860849729165
3 0.2026797124600639 0.41293270601653836 0.006433706070287522 0.0043783860849729165
3 0.20725439297124598 0.41612631879098944 0.007138578274760383 0.00531223267750217
3 0.22243410543130987 0.41418876532648985 0.006535543130990419 0.00516823495865412
3 0.18206869009584667 0.4551767892785857 0.01025559105431308 0.010767037353863763
5 0.19604432907348243 0.4677388080980895 0.013672124600638984 0.006317365269461135
5 0.21052116613418528 0.46339606501283154 0.008043130990415375 0.007680353578557156
5 0.21006988817891378 0.45783290561733675 0.005529153354632599 0.004881665240946647
5 0.2250998402555911 0.4566481323068149 0.015483226837060696 0.006532648987738767
5 0.13170127795527156 0.459160250926718 0.009249201277955258 0.009834616481323007
5 0.21559904153354628 0.46967778728257775 0.011359824281150134 0.008758197889934458
4 0.21132587859424923 0.4308069575135443 0.012064696485623017 0.007107214143142339
4 0.23002595846645363 0.40736954662104363 0.005227635782747571 0.005886797832905613
4 0.23208666134185302 0.4040675791274594 0.005327476038338625 0.004737667522098598
4 0.23650958466453675 0.40428286284573706 0.006535543130990419 0.006317365269461135
2 0.343292731629393 0.2817037353863701 0.0126018370607029 0.010728542914171657
2 0.33584065495207666 0.26855289421157685 0.01175319488817894 0.009690618762475022
3 0.25931908945686905 0.3043284858853721 0.00896765175718847 0.00579697747362416
2 0.2698003194888179 0.3039392643284859 0.00860423322683709 0.009171656686626737
5 0.23023761980830676 0.3151867693185058 0.012845447284345033 0.006747932706016528
4 0.2501098242811502 0.3121585400627317 0.012360223642172543 0.00865126889078989
4 0.2412040734824281 0.31942686056458514 0.013450479233226863 0.0076133447390931905
2 0.30318490415335464 0.2704134587966923 0.009936102236421768 0.007527801539777614
2 0.26707468051118216 0.19077274023381807 0.01042132587859426 0.009863130881094929
2 0.3158466453674122 0.20959081836327345 0.00860423322683709 0.0049315654405474975
5 0.2888258785942492 0.16269746221842032 0.013208865814696503 0.0066623895067008864
5 0.28543330670926514 0.1590647276874822 0.01175319488817894 0.007007413743940703
5 0.25889576677316295 0.16243798118049613 0.010543130990415372 0.0064884516680924174
5 0.2671964856230032 0.16395209580838324 0.007270367412140546 0.005710008554319958
5 0.26259185303514376 0.15854576561163386 0.010662939297124618 0.00631593954947251
5 0.3303873801916933 0.18904334188765326 0.009087460063897808 0.0050185343598516995
5 0.21507987220447283 0.08143570002851441 0.013803913738019192 0.00933704020530368
5 0.2175619009584665 0.07352580553179357 0.01150159744408944 0.00838608497291132
5 0.21265774760383382 0.0701981750784146 0.011381789137380192 0.00899059024807527
5 0.2258546325878594 0.08191189050470488 0.012108626198083042 0.010633019674935832
5 0.3061920926517572 0.09928856572569147 0.01150159744408944 0.01253493013972057
3 0.2899061501597444 0.09323638437410893 0.009444888178913775 0.00942258340461932
3 0.2968690095846645 0.09155118334759053 0.007869408945686872 0.010201026518391781
3 0.28330670926517576 0.09060022811519818 0.014165335463258797 0.013140861134873122
3 0.28391373801916936 0.11714000570287995 0.005205670926517605 0.005014257199885953
3 0.2841553514376997 0.11515112631879099 0.006659345047923305 0.006224693470202464
3 0.28766573482428115 0.11679355574565156 0.004480830670926529 0.007780153977758759
4 0.17034145367412143 0.09889934416880523 0.010049920127795512 0.012102936983176518
4 0.17348841853035143 0.09483604220131166 0.011018370607028767 0.010547476475620191
4 0.18172324281150162 0.09656544054747647 0.010049920127795512 0.010892500712860007
4 0.181964856230032 0.08861134873110921 0.010049920127795512 0.01193042486455661
5 0.1769388977635783 0.06760336469917308 0.010169728434504805 0.006916167664670657
4 0.18335662939297126 0.062331052181351584 0.010896565495207655 0.011930424864556593
4 0.20042931309904152 0.07140718562874251 0.012108626198083065 0.011411462788708292
3 0.12826677316293927 0.09794838893641289 0.011140175718849833 0.011238950670088385
3 0.13099041533546327 0.09340889649272882 0.009323083067092662 0.01115198175078415
3 0.13662140575079873 0.09496578272027374 0.007991214057507984 0.009077559167379536
3 0.1405551118210863 0.10477758768177929 0.0061741214057508135 0.0107199885942401
3 0.1458226837060703 0.10399914456800685 0.009928115015974447 0.009509552323923589
3 0.0998123003194888 0.11761619617907043 0.0075059904153354584 0.01149843170801256
3 0.1035063897763578 0.12085685771314515 0.006659345047923316 0.013832335329341314
3 0.10707667731629393 0.11610208155118336 0.008959664536741192 0.010547476475620191
3 0.11046725239616614 0.11839321357285429 0.008959664536741192 0.009250071285999412
5 0.07353833865814696 0.08593099515255204 0.009201277955271574 0.007607641859138851
5 0.16888777955271564 0.06738808098089535 0.014408945686900975 0.00890504704875963
3 0.16004992012779556 0.09440404904476761 0.009323083067092662 0.008645566010835486
5 0.2651457667731629 0.09025377815796977 0.017072683706070287 0.009682064442543496
5 0.24643969648562303 0.11558454519532364 0.01016972843450476 0.007780153977758759
5 0.22579472843450482 0.11212574850299402 0.010049920127795512 0.008818078129455361
5 0.23372603833865815 0.12574137439406902 0.008476437699680475 0.01633875106928998
5 0.24280750798722045 0.09194040490447676 0.0058126996805112074 0.007867122897063025
5 0.2464996006389776 0.09176646706586826 0.004964057507987246 0.006484174508126606
5 0.2485583067092652 0.08623467351012261 0.01150159744408944 0.0071756487025948
3 0.24456269968051117 0.07815084117479326 0.010776757188498362 0.00899059024807527
4 0.2477715654952077 0.07374251497005989 0.016224041533546327 0.012275449101796402
4 0.23360423322683704 0.07374251497005989 0.016950878594249177 0.01296692329626462
5 0.2339676517571885 0.06872825777017394 0.0123502396166134 0.008471628172226969
5 0.2099341054313099 0.058612774451097804 0.011259984025559102 0.007261191901910458
5 0.1985523162939297 0.054463929284288566 0.009808306709265155 0.007607641859138867
5 0.1860203674121406 0.05325349301397205 0.007505990415335447 0.006224693470202448
5 0.22718650159744408 0.09124750499001996 0.0099281150159744 0.00821214713430281
5 0.47303714057507984 0.2223937838608497 0.008596246006389812 0.007003136583974892
5 0.47757787539936103 0.2204476760764186 0.010413338658146892 0.009337040205303647
5 0.4858726038338658 0.21629883090960933 0.009081469648562213 0.0072611919019104415
5 0.49192492012779554 0.21439692044482464 0.010049920127795512 0.009337040205303647
4 0.5050019968051118 0.20614057599087537 0.00956469648562293 0.010114057599087546
5 0.5025199680511182 0.1971499857428001 0.0065375399361021925 0.00561876247504988
4 0.5100279552715654 0.20722127174222985 0.009444888178913775 0.008126603934987169
4 0.5137200479233227 0.204757627601939 0.016345846645367347 0.00976903336184773
5 0.5073023162939297 0.19779868833761047 0.007386182108626155 0.00691616766467069
5 0.5130531150159744 0.1984901625320787 0.007749600638977716 0.006569717707442248
5 0.5514357028753993 0.21577986883376105 0.01186501597444091 0.00691616766467069
5 0.547925319488818 0.20916595380667236 0.01065495207667725 0.007867122897062994
5 0.5546445686900958 0.20761049329911607 0.01053314696485623 0.009596521243227822
5 0.4936821086261981 0.27642429426860565 0.008232827476038252 0.00613772455089823
5 0.5603953674121406 0.2604747647562019 0.01089656549520761 0.007435129740518975
5 0.5838238817891374 0.2407199885942401 0.009323083067092572 0.009077559167379536
5 0.5924201277955272 0.2481123467351012 0.009081469648562213 0.007607641859138883
5 0.5929053514376997 0.24288138009694896 0.017799520766773227 0.00613772455089823
5 0.5990794728434504 0.2481123467351012 0.014650559105431287 0.006569717707442248
4 0.6100978434504792 0.25667094382663247 0.020219648562300362 0.007435129740518975
5 0.6223282747603833 0.216082121471343 0.008837859424920172 0.006829198745366423
5 0.6200878594249201 0.2129697747362418 0.007749600638977716 0.006484174508126606
5 0.6203893769968051 0.20964214428286285 0.009323083067092572 0.006397205588822339
5 0.7610223642172523 0.17389506700883947 0.01404552715654955 0.007867122897062994
5 0.7036321884984026 0.10680923866552608 0.006295926517571834 0.006829198745366423
3 0.7668949680511181 0.10265896777872825 0.006900958466453754 0.006484174508126606
3 0.7721026357827475 0.10287567721699459 0.005205670926517514 0.008299116053607078
3 0.7702855431309904 0.0995038494439692 0.007869408945686872 0.006743655546050749
3 0.7720407348242811 0.09539777587681779 0.009928115015974492 0.006829198745366423
3 0.7705271565495208 0.09094525235243799 0.01222843450479229 0.006224693470202464
3 0.7856629392971247 0.10979184488166524 0.005205670926517514 0.006569717707442248
3 0.7877216453674121 0.10944539492443683 0.006417731629393036 0.007607641859138851
3 0.7932308306709265 0.10983461648132306 0.005812699680511116 0.006656686626746515
3 0.775491214057508 0.10244368406045053 0.0061741214057508135 0.008126603934987169
3 0.783604233226837 0.10728400342172797 0.008837859424920172 0.005014257199885953
3 0.7904452875399361 0.10551183347590533 0.01186501597444091 0.004927288280581686
5 0.7734345047923322 0.05040062731679498 0.011745207667731572 0.009509552323923589
5 0.7809404952076677 0.04702879954376961 0.01513578274760387 0.011411462788708292
5 0.7642931309904153 0.04797975477616196 0.010413338658146892 0.009163102366695179
5 0.7338418530351437 0.03682777302537782 0.006659345047923395 0.004150270886797835
5 0.7360802715654952 0.03354291417165669 0.006781150159744416 0.005878243512974055
5 0.7400159744408946 0.03483889364128885 0.005449281150159737 0.004667807242657544
5 0.7250619009584663 0.07400199600798403 0.009444888178913775 0.005186769318505853
5 0.7252436102236423 0.07028371827773026 0.009323083067092572 0.005359281437125753
5 0.7477655750798723 0.05174080410607357 0.003995607028754037 0.003544339891645283
5 0.7536980830670927 0.05485315084117479 0.008113019169329095 0.0056187624750498955
5 0.9080730830670927 0.11061305959509553 0.009808306709265335 0.007520672939834616
3 0.90444089456869 0.08549900199600799 0.007386182108626155 0.007780153977758759
3 0.8746545527156551 0.09561448531508411 0.008837859424920172 0.008645566010835486
3 0.8759864217252396 0.08817935557456516 0.01344049520766763 0.008299116053607078
3 0.8896685303514377 0.08740091246079269 0.008354632587859455 0.007780153977758759
3 0.8746545527156551 0.10045480467636157 0.008354632587859455 0.0107199885942401
3 0.8776218051118211 0.10058454519532364 0.004600638977635957 0.009596521243227822
1 0.9336821086261982 0.00384659252922726 0.01162340255591037 0.006310236669518106