3 0.6121548723897912 0.711890243902439 0.0038283062645011598 0.004941202090592334
3 0.615145011600928 0.7121145470383275 0.004547563805104409 0.004312935540069686
4 0.6197041763341067 0.7119065766550522 0.009224187935034803 0.007856054006968642
5 0.6204524361948957 0.7083133710801394 0.009348897911832946 0.004610191637630662
5 0.6145939675174014 0.7138109756097561 0.003829756380510441 0.007485844947735192
5 0.6508874709976799 0.6196439459930314 0.006017981438515081 0.006268510452961672
5 0.6699260440835267 0.3844033101045296 0.006181844547563806 0.004586236933797909
4 0.7334048723897912 0.32059233449477353 0.00638776102088167 0.006289198606271777
3 0.729699825986079 0.3184211672473868 0.004520011600928075 0.00484102787456446
4 0.733826856148492 0.3179006968641115 0.006267401392111369 0.005610844947735192
5 0.7367111368909512 0.31875871080139373 0.003832656612529002 0.005663109756097561
3 0.7698303364269141 0.2909244337979094 0.005930974477958237 0.004115853658536585
5 0.7751319605568446 0.28944577526132403 0.005255220417633411 0.003481054006968641
4 0.5911180394431554 0.2090766550522648 0.005582946635730859 0.005675087108013937
5 0.5968198955916474 0.20673344947735192 0.00423868909512761 0.0030128484320557495
5 0.4960150812064965 0.22249564459930316 0.0030321925754060327 0.005032665505226481
5 0.48917343387471 0.21917029616724737 0.0030713457076566126 0.0017378048780487805
5 0.470883120649652 0.19315548780487807 0.003670243619489559 0.0024259581881533104
5 0.2682236078886311 0.15439895470383275 0.00433584686774942 0.007024172473867597
3 0.3901348607888631 0.7426622386759582 0.006341357308584686 0.0071875
3 0.39372389791183293 0.7436955574912892 0.004905742459396752 0.004941202090592334
3 0.3960571345707657 0.7411792247386759 0.006700986078886311 0.004941202090592334
3 0.6226841647331787 0.7332284407665506 0.006700986078886311 0.007726480836236933
3 0.6251972157772622 0.733947081881533 0.006461716937354989 0.006648519163763067
3 0.6275304524361949 0.7308024825783972 0.010171113689095127 0.0053908972125435535
3 0.6013848607888631 0.7323301393728223 0.005265371229698376 0.008085801393728224
3 0.6049144431554524 0.7324640679442509 0.0032308584686774945 0.006198824041811847
3 0.608564385150812 0.7317007839721253 0.006700986078886311 0.0071875
3 0.5699753480278422 0.7297691637630662 0.00658062645011601 0.006918554006968641
3 0.600397331786543 0.7116223867595819 0.006126740139211137 0.004806184668989547
3 0.601756090487239 0.7081358885017422 0.01031467517401392 0.00436411149825784
3 0.524441705336427 0.7434146341463415 0.006203596287703016 0.006849956445993031
3 0.5280365429234339 0.7454475174216028 0.005504640371229699 0.006289198606271777
3 0.5551392111368909 0.7326894599303136 0.005623549883990719 0.007007839721254355
3 0.5773941415313225 0.7497147212543555 0.007059164733178655 0.008355836236933797
3 0.517267981438515 0.70928462543554 0.006940255220417633 0.005839503484320558
3 0.5915864269141531 0.7097615418118467 0.006126740139211137 0.005013066202090593
3 0.592830626450116 0.7058253484320558 0.006819895591647332 0.003594294425087108
3 0.6524782482598608 0.6211912020905924 0.004067575406032482 0.006828179442508711
3 0.6558280162412993 0.6189002613240417 0.006461716937354989 0.007637195121951219
3 0.6534947795823666 0.6158895905923345 0.00945330626450116 0.0030542247386759584
3 0.651580626450116 0.6132393292682926 0.007537703016241299 0.004581881533101045
3 0.7073390371229699 0.692842987804878 0.00849477958236659 0.0035039198606271775
3 0.7115269721577726 0.6936509146341463 0.005862819025522042 0.00727787456445993
3 0.7843198955916474 0.5173551829268292 0.003979118329466357 0.004171385017421603
3 0.7887500000000001 0.5185387630662022 0.005630800464037123 0.0042846254355400695
3 0.7882613109048724 0.5162271341463415 0.005855568445475638 0.0023682491289198607
3 0.6310455336426913 0.4338915505226481 0.007057714617169373 0.0037772212543554003
3 0.6400551044083527 0.4477036149825784 0.004955046403712297 0.0055814459930313585
3 0.6508657192575406 0.4694642857142858 0.007357888631090488 0.005806837979094076
3 0.6634860788863108 0.4716169425087108 0.005851218097447796 0.006682273519163763
3 0.6658816705336427 0.4705357142857142 0.008258410672853829 0.004792029616724739
3 0.6697868329466358 0.4703103222996516 0.006457366589327146 0.006257621951219512
3 0.6531554524361949 0.4713534407665505 0.005330626450116009 0.005299433797909408
3 0.6380220417633411 0.4442051393728223 0.007993039443155452 0.004825783972125436
3 0.640955626450116 0.4399520905923345 0.007057714617169373 0.004510017421602787
3 0.5763500580046405 0.4038436411149826 0.005179814385150812 0.004678789198606271
3 0.5791647331786544 0.40612695993031356 0.00480568445475638 0.007441202090592335
5 0.5825058004640371 0.4041822735191638 0.004730278422273781 0.004678789198606271
3 0.574209686774942 0.4019272648083624 0.009309744779582367 0.0037772212543554003
3 0.5655379930394431 0.3912717770034843 0.003979118329466357 0.005242813588850174
3 0.5686542923433875 0.39110300522648084 0.004504060324825986 0.004678789198606271
3 0.5705307424593967 0.38980618466898953 0.00435469837587007 0.004566637630662021
3 0.5773259860788863 0.38701546167247386 0.005330626450116009 0.003945993031358885
3 0.5790153712296984 0.3848170731707317 0.006606728538283063 0.0029311846689895472
5 0.6048796403712297 0.3588000871080139 0.005179814385150812 0.006370862369337979
3 0.6369388051044084 0.3723584494773519 0.002927784222737819 0.0048486498257839725
3 0.6366763341067286 0.3700751306620209 0.00480568445475638 0.004341245644599303
3 0.6419692575406033 0.37427482578397214 0.003678944315545244 0.005299433797909408
4 0.648471577726218 0.36212870209059234 0.004037122969837587 0.005203614982578397
3 0.6516922853828306 0.36246406794425085 0.005105858468677494 0.006708405923344948
3 0.65439530162413 0.3591659407665505 0.0063065545243619495 0.0048486498257839725
3 0.6036789443155453 0.3544022212543554 0.0045794663573085845 0.0032131968641114983
3 0.6022897331786543 0.3532752613240418 0.003903712296983759 0.0036639808362369337
3 0.6860411832946636 0.3922016550522648 0.004129930394431555 0.004396777003484321
3 0.6881061484918793 0.3934984756097561 0.004054524361948956 0.0049608013937282236
3 0.6887441995359629 0.39093423344947736 0.003528132250580046 0.0032131968641114983
3 0.6923100348027842 0.39152547909407664 0.005555394431554525 0.004623257839721255
3 0.6988413573085847 0.3876077961672474 0.005105858468677494 0.0055814459930313585
3 0.7034962296983759 0.3831816202090592 0.007507250580046404 0.0034952090592334497
3 0.6855147911832947 0.390256968641115 0.005179814385150812 0.0029878048780487805
3 0.6913718097447795 0.38777656794425086 0.006381960556844547 0.002762412891986063
3 0.6953886310904872 0.3839155052264808 0.008109048723897913 0.0029311846689895472
3 0.6961760440835266 0.3859723432055749 0.003979118329466357 0.0036639808362369337
3 0.6736905452436196 0.38771994773519164 0.004654872389791184 0.005806837979094076
3 0.6833758700696057 0.37151241289198605 0.0033033642691415316 0.005186193379790941
3 0.6889646171693736 0.37590592334494777 0.007170823665893272 0.0047060104529616726
3 0.6900957076566124 0.37238675958188155 0.003829756380510441 0.0035518292682926826
3 0.6866038283062644 0.36979311846689894 0.005855568445475638 0.004228005226480836
3 0.7015820765661253 0.3731478658536585 0.004879640371229698 0.0048486498257839725
3 0.7030843967517402 0.37131533101045294 0.005179814385150812 0.005242813588850174
3 0.7306003480278422 0.3736824912891986 0.00435469837587007 0.004792029616724739
3 0.7330031902552204 0.3718793554006969 0.005555394431554525 0.006596254355400697
3 0.7267343387470998 0.36516986062717766 0.004129930394431555 0.0055814459930313585
3 0.7223042343387471 0.3817443379790941 0.00337877030162413 0.005130662020905923
3 0.7129190835266821 0.36432491289198604 0.006531322505800464 0.005918989547038327
3 0.6822752320185616 0.3564274825783972 0.003193155452436195 0.0044795296167247384
3 0.6859280742459396 0.35524825783972125 0.005406032482598608 0.006708405923344948
3 0.6750797563805105 0.34008384146341464 0.005330626450116009 0.0050174216027874564
3 0.6730147911832947 0.3366158536585366 0.0036035382830626453 0.0025936411149825784
3 0.6744040023201856 0.33523519163763066 0.006081786542923433 0.003438588850174216
3 0.6675333526682136 0.3344457752613241 0.007958236658932714 0.003438588850174216
3 0.7193387470997681 0.3474401132404181 0.004654872389791184 0.004623257839721255
3 0.7215153712296983 0.3455237369337979 0.006906902552204177 0.0048486498257839725
3 0.7141212296983759 0.34431184668989545 0.006832946635730858 0.004678789198606271
3 0.7601073085846868 0.36922909407665505 0.005105858468677494 0.006933797909407666
3 0.7644620069605568 0.3685246080139373 0.004504060324825986 0.007554442508710801
3 0.7576667633410673 0.3664949912891986 0.005930974477958237 0.005750217770034843
3 0.7873230858468677 0.3446210801393728 0.006381960556844547 0.006201001742160279
3 0.7919779582366588 0.3434658101045296 0.005179814385150812 0.006144381533101045
3 0.8034657772621809 0.33219076655052265 0.004730278422273781 0.004792029616724739
3 0.8060179814385151 0.3315984320557491 0.005630800464037123 0.0049608013937282236
3 0.8089095127610209 0.3300206881533101 0.005406032482598608 0.0036084494773519164
3 0.8116864849187936 0.32691964285714287 0.009160382830626451 0.003044425087108014
3 0.7868735498839907 0.342338850174216 0.004879640371229698 0.004115853658536585
3 0.7874361948955916 0.3404496951219512 0.008109048723897913 0.003269817073170732
3 0.7950942575406033 0.33275479094076654 0.007507250580046404 0.005468205574912892
3 0.7940429234338747 0.3299357578397213 0.007507250580046404 0.0036639808362369337
2 0.7714283642691416 0.3431935975609756 0.006267401392111369 0.004433797909407665
3 0.7746519721577726 0.3386008275261324 0.0030727958236658934 0.003393945993031359
3 0.7782671113689096 0.3384418554006969 0.004520011600928075 0.0025337543554006968
3 0.7788022041763341 0.3367574041811847 0.005255220417633411 0.0019729965156794426
3 0.7634106728538282 0.3434658101045296 0.006606728538283063 0.0036639808362369337
3 0.7634860788863109 0.2914601480836237 0.005255220417633411 0.004059233449477352
3 0.7618343967517401 0.28895143728223 0.004504060324825986 0.002423780487804878
3 0.766151392111369 0.2884157229965157 0.0045794663573085845 0.0029311846689895472
4 0.7557613109048723 0.29016441637630663 0.005303074245939675 0.004796385017421603
3 0.7604451856148492 0.2869218205574913 0.004279292343387471 0.0028756533101045294
3 0.7821809744779582 0.23967878919860627 0.00960991879350348 0.00490418118466899
3 0.7940806264501159 0.2450631533101045 0.006982308584686775 0.00507404181184669
3 0.7950942575406033 0.24455574912891986 0.00480568445475638 0.006539634146341464
3 0.7976841647331786 0.24514699477351914 0.00578161252900232 0.004792029616724739
3 0.7991864849187934 0.24125762195121953 0.006381960556844547 0.00490418118466899
3 0.7990356728538283 0.2385518292682927 0.006682134570765661 0.0031010452961672476
3 0.8053422273781903 0.24221581010452964 0.00578161252900232 0.004341245644599303
3 0.8064312645011601 0.24007404181184672 0.004654872389791184 0.0029878048780487805
3 0.8088718097447796 0.23897430313588847 0.00623114849187935 0.0037206010452961675
3 0.8111992459396752 0.23553571428571426 0.006682134570765661 0.005186193379790941
3 0.7967836426914153 0.2266844512195122 0.006081786542923433 0.0034952090592334497
3 0.754550464037123 0.24447081881533098 0.005406032482598608 0.004566637630662021
3 0.7566154292343388 0.24215918989547036 0.010436484918793504 0.0037772212543554003
3 0.7418256960556845 0.24449912891986064 0.006982308584686775 0.004396777003484321
3 0.7479814385150811 0.2429769163763066 0.004879640371229698 0.0033819686411149822
3 0.744865139211137 0.24137086236933797 0.00435469837587007 0.002423780487804878
3 0.7508715197215777 0.23519708188153313 0.007658062645011602 0.005186193379790941
3 0.759844837587007 0.23274499128919862 0.003979118329466357 0.0038893728222996514
4 0.7622694315545243 0.23428571428571426 0.004820185614849188 0.004162674216027874
3 0.7621345707656613 0.2309973867595819 0.007658062645011602 0.0033264372822299653
3 0.7701624129930394 0.2005084930313589 0.004940545243619489 0.004660278745644599
3 0.771482018561485 0.19827199477351917 0.008333816705336427 0.0034952090592334497
4 0.7644083526682134 0.19820121951219513 0.006689385150812065 0.0033024825783972123
3 0.7651754640371229 0.1959037456445993 0.007133120649651972 0.003945993031358885
3 0.6829045823665894 0.21000979965156794 0.004662122969837586 0.0035746951219512192
3 0.6846403712296983 0.20751524390243903 0.005752610208816705 0.003947081881533101
3 0.6881250000000001 0.20835039198606273 0.0038529582366589325 0.002893074912891986
3 0.6934672273781902 0.20770034843205576 0.0047607308584686776 0.004319468641114983
2 0.6911861948955916 0.21559451219512196 0.006744489559164733 0.005809015679442509
3 0.6913935614849188 0.20923018292682927 0.004535962877030162 0.0018673780487804877
3 0.6913689095127611 0.20758166376306622 0.0037064965197215775 0.0019403310104529616
3 0.6040211716937355 0.2442574041811847 0.007705916473317865 0.005126306620209059
3 0.5959730278422274 0.245977787456446 0.005266821345707657 0.004174651567944251
3 0.6302349187935036 0.25850283101045296 0.003950116009280742 0.0019773519163763065
3 0.6307714617169374 0.25731162891986065 0.004828886310904872 0.001794425087108014
3 0.6319910092807425 0.2562140679442509 0.006096287703016241 0.0016474303135888503
3 0.6335266821345708 0.2591060540069687 0.003512180974477958 0.0021602787456445993
3 0.6353799303944315 0.2578429878048781 0.005852668213457077 0.0032959494773519165
4 0.576782192575406 0.27201546167247387 0.0037558004640371226 0.004980400696864112
3 0.5792212877030163 0.27153963414634147 0.004340197215777262 0.004467552264808362
3 0.5367125870069606 0.2861563588850174 0.009421403712296984 0.004542682926829268
3 0.5381801044083526 0.2816463414634146 0.003219257540603248 0.003588850174216028
3 0.5407163573085847 0.28151785714285715 0.0038036542923433874 0.003038980836236934
3 0.5025290023201856 0.30045078397212543 0.005462587006960557 0.0039917247386759575
3 0.5052856728538283 0.3029409843205575 0.0037558004640371226 0.0050174216027874564
3 0.5068459976798144 0.30211672473867596 0.0037558004640371226 0.00336890243902439
3 0.4444924593967517 0.3148246951219512 0.006827146171693735 0.002856054006968641
3 0.4434440255220417 0.3130476916376307 0.0092169373549884 0.00296602787456446
3 0.4388109048723898 0.31795513937282227 0.003462877030162413 0.002820121951219512
3 0.4414689675174014 0.31661912020905925 0.005266821345707657 0.005273301393728223
3 0.44468822505800465 0.3178266550522648 0.005852668213457077 0.005639155052264809
3 0.4343982018561485 0.3148421167247387 0.005755510440835267 0.0037717770034843205
3 0.43076421113689095 0.3153190331010453 0.004340197215777262 0.0034059233449477352
3 0.4360063805104408 0.3184135452961672 0.004292343387470998 0.004614547038327526
3 0.40552494199535966 0.32861171602787453 0.007315835266821346 0.0037717770034843205
3 0.40725638051044083 0.3304431620209059 0.005900522041763341 0.003918771777003485
3 0.41340197215777263 0.34900914634146346 0.00785237819025522 0.0034059233449477352
3 0.3415733758700696 0.3374118031358885 0.006355858468677494 0.00696537456445993
4 0.3470693155452436 0.3379279181184669 0.008760150812064965 0.008512630662020907
3 0.34439240139211136 0.3339579703832753 0.006193445475638051 0.0055291811846689895
3 0.37948230858468673 0.3566082317073171 0.006339907192575406 0.004394599303135889
3 0.374824535962877 0.35882295296167244 0.004633120649651972 0.0031130226480836237
3 0.37572650812064967 0.35567399825783974 0.005852668213457077 0.004870426829268293
3 0.36965487238979117 0.3227711236933798 0.005999129930394431 0.003661803135888502
4 0.4052001160092808 0.28563479965156796 0.007834976798143852 0.0064786585365853655
4 0.41125 0.2829540505226481 0.006049883990719257 0.0061814024390243905
3 0.4152059164733179 0.2817378048780488 0.0024869489559164733 0.003038980836236934
3 0.41710846867749424 0.2810050087108014 0.004535962877030162 0.004357578397212544
4 0.4057729118329466 0.2795002177700348 0.007643561484918794 0.005417029616724738
3 0.4133280162412993 0.2773987369337979 0.0034135730858468674 0.0031489547038327527
3 0.41649941995359624 0.2779475174216028 0.004292343387470998 0.002930095818815331
4 0.4004915893271462 0.2797582752613241 0.005668503480278423 0.004642857142857143
3 0.4015501740139211 0.27659298780487807 0.004828886310904872 0.002417247386759582
3 0.41137761020881675 0.27615309233449475 0.0030234918793503483 0.0018314459930313589
3 0.41149941995359623 0.2741942508710801 0.004243039443155453 0.0026001742160278746
3 0.41586426914153135 0.2752373693379791 0.0034135730858468674 0.0026371951219512193
3 0.41318445475638055 0.25670296167247386 0.005951276102088167 0.005213414634146342
3 0.4112804524361949 0.2551698606271777 0.0045838167053364265 0.003222996515679443
3 0.41369489559164735 0.2525337543554007 0.0029756380510440835 0.002343205574912892
3 0.4133280162412993 0.25086672473867594 0.0030234918793503483 0.002820121951219512
3 0.41593822505800465 0.2515080574912892 0.003169953596287703 0.003661803135888502
3 0.414328596287703 0.24901785714285715 0.004243039443155453 0.002343205574912892
3 0.4315197215777262 0.21421058362369338 0.006046983758700697 0.002893074912891986
3 0.42288718097447797 0.21146341463414633 0.004193735498839907 0.002820121951219512
3 0.4201566125290023 0.21834821428571427 0.0030234918793503483 0.0042846254355400695
4 0.42320475638051047 0.21710365853658536 0.005023201856148492 0.005163327526132405
3 0.4259121229698376 0.21463087979094078 0.003609338747099768 0.0031489547038327527
3 0.41893706496519717 0.21525370209059236 0.005266821345707657 0.003954703832752613
3 0.4275449535962877 0.21336781358885018 0.004145881670533643 0.0020873257839721256
3 0.449808584686775 0.21012739547038328 0.003999419953596288 0.005126306620209059
3 0.44546838747099765 0.20965047909407666 0.004682424593967518 0.0038817508710801392
3 0.4484672273781903 0.20965047909407666 0.0026827146171693734 0.0032959494773519165
4 0.4952624709976798 0.19804224738675957 0.0049738979118329465 0.0046875
3 0.4974825986078886 0.19434342334494772 0.00785237819025522 0.0027101480836236934
3 0.49777407192575407 0.19835365853658538 0.0027798723897911833 0.0042846254355400695
3 0.5006757540603248 0.1982066637630662 0.004682424593967518 0.004137630662020906
3 0.5008222157772622 0.19588196864111498 0.006339907192575406 0.0032959494773519165
3 0.4872650812064965 0.19884799651567944 0.006535672853828306 0.002490200348432056
3 0.48733758700696056 0.19712652439024392 0.00648636890951276 0.0021243466898954707
3 0.4913616589327146 0.20388283972125437 0.0038036542923433874 0.005236280487804878
4 0.4762427494199536 0.19150587979094078 0.0045838167053364265 0.004943379790940766
3 0.47658352668213455 0.1875326655052265 0.003316415313225058 0.0037347560975609755
3 0.4752189675174014 0.18625108885017422 0.0025362529002320184 0.003954703832752613
3 0.4785832366589327 0.18670840592334495 0.003219257540603248 0.004137630662020906
3 0.48082656612529007 0.18716572299651568 0.0026334106728538283 0.003588850174216028
3 0.48072940835266825 0.18495100174216028 0.0045838167053364265 0.0034059233449477352
3 0.46712296983758705 0.1805564024390244 0.004682424593967518 0.0019403310104529616
3 0.4686586426914153 0.1825881968641115 0.0036571925754060324 0.0041016986062717775
3 0.4683903712296984 0.18136215156794427 0.0031206496519721578 0.0031130226480836237
3 0.47017111368909514 0.17861498257839722 0.005706206496519722 0.004357578397212544
3 0.47151247099767984 0.17746189024390244 0.0044866589327146175 0.0041016986062717775
3 0.46409802784222737 0.17843205574912893 0.005266821345707657 0.0035518292682926826
3 0.4667328886310905 0.17759037456445992 0.0027305684454756378 0.003038980836236934
3 0.474633120649652 0.18440113240418118 0.004292343387470998 0.0023802264808362368
3 0.4736093387470998 0.18308253484320558 0.004779582366589328 0.002307273519163763
4 0.4634643271461717 0.1822223432055749 0.007315835266821346 0.003661803135888502
4 0.49499419953596285 0.20263828397212544 0.004828886310904872 0.004943379790940766
4 0.4800710556844548 0.19163327526132404 0.004438805104408352 0.004614547038327526
4 0.46990284222737816 0.20294969512195124 0.004193735498839907 0.004540505226480837
4 0.4727798723897912 0.20351698606271776 0.005462587006960557 0.004650479094076655
4 0.4930930974477958 0.21979420731707316 0.006096287703016241 0.004833405923344948
4 0.504163283062645 0.21547364982578399 0.004633120649651972 0.004980400696864112
4 0.4971157192575406 0.21554660278745644 0.004389501160092808 0.0041016986062717775
5 0.49889646171693736 0.21243358013937283 0.006779292343387471 0.0032959494773519165
4 0.43915313225058006 0.19721798780487804 0.004730278422273781 0.004650479094076655
3 0.45507685614849186 0.20646450348432058 0.004389501160092808 0.0030760017421602786
3 0.4856554524361949 0.18419969512195122 0.008388921113689095 0.002490200348432056
3 0.4645620649651972 0.19187173344947736 0.00658352668213457 0.004064677700348432
3 0.4696824245939675 0.19062717770034843 0.003560034802784223 0.002307273519163763
3 0.47243909512761023 0.18051938153310107 0.003609338747099768 0.0036258710801393727
3 0.356131090487239 0.18408754355400697 0.004895591647331787 0.0034179006968641117
3 0.35807134570765664 0.1813251306620209 0.008388921113689095 0.0055291811846689895
3 0.3890661252900232 0.17453179442508712 0.00736368909512761 0.003222996515679443
3 0.3869924593967517 0.1736345818815331 0.005169663573085847 0.002307273519163763
3 0.38630945475638045 0.17246297909407665 0.005169663573085847 0.0018673780487804877
3 0.3887978538283063 0.17193162020905922 0.0031206496519721578 0.0015385452961672475
3 0.39189385150812067 0.17154725609756097 0.004828886310904872 0.001794425087108014
3 0.3672404292343387 0.20796602787456447 0.007803074245939676 0.005200348432055749
3 0.33775957076566127 0.19848214285714286 0.007753770301624129 0.005126306620209059
4 0.3333454176334107 0.20172256097560975 0.005949825986078887 0.005749128919860627
3 0.334881090487239 0.19848214285714286 0.005316125290023201 0.0041016986062717775
4 0.33102813225058003 0.1987565331010453 0.004243039443155453 0.005383275261324041
4 0.3629002320185615 0.21258057491289198 0.005365429234338747 0.005493249128919861
5 0.36516821345707656 0.21032883275261324 0.006389211136890951 0.005969076655052264
3 0.356828596287703 0.2078201219512195 0.006876450116009281 0.005200348432055749
3 0.3419040023201856 0.20358993902439024 0.008242459396751741 0.00640897212543554
3 0.3634367749419954 0.27289416376306624 0.006242749419953596 0.005859102787456446
3 0.3620707656612529 0.26809668989547036 0.005656902552204176 0.005346254355400697
3 0.3586078886310905 0.2685725174216028 0.005169663573085847 0.004540505226480837
3 0.19522766821345708 0.2447147212543554 0.004389501160092808 0.0039917247386759575
3 0.5586499419953596 0.7326578832752613 0.004956496519721578 0.00532338850174216
3 0.5619881090487239 0.7298671602787457 0.0050246519721577725 0.005530270034843206
4 0.5534875290023201 0.7283678135888502 0.009224187935034803 0.006667029616724739
3 0.5808135150812065 0.7504627613240418 0.006057134570765662 0.007649172473867595
2 0.5822592807424595 0.7296080139372823 0.004818735498839907 0.004600391986062718
2 0.554209686774942 0.722398736933798 0.01287122969837587 0.006305531358885017
3 0.6032874129930395 0.7249314024390244 0.009154582366589328 0.007029616724738676
4 0.5796432714617169 0.7113120644599302 0.0070214617169373555 0.005013066202090593
4 0.5785426334106729 0.7085213414634147 0.007846577726218098 0.005013066202090593
4 0.5861484918793504 0.7088316637630662 0.004886890951276103 0.0052199477351916376
3 0.6088283062645011 0.7094250871080139 0.007571055684454757 0.0057883275261324035
3 0.6208744199535963 0.6913621515679442 0.00578161252900232 0.007701437282229965
3 0.6247984338747099 0.690690331010453 0.006470417633410673 0.006770470383275261
3 0.6218720997679815 0.6855727351916376 0.011357308584686775 0.005426829268292683
2 0.7858048143851508 0.6767835365853658 0.007762470997679814 0.006588632404181185
1 0.7876609628770301 0.6555215592334496 0.004995649651972158 0.003801175958188153
4 0.6567691415313225 0.47242051393728224 0.007581206496519722 0.00680640243902439
4 0.6153610788863109 0.4667595818815331 0.0068401972157772625 0.005878702090592334
3 0.6154437354988399 0.4625206881533101 0.004696925754060325 0.002846254355400697
2 0.6424303944315545 0.4872397648083624 0.006921403712296983 0.004269381533101045
4 0.6480350928074247 0.4434320557491289 0.00824100928074246 0.005011977351916376
4 0.6513312064965198 0.44262739547038327 0.009229988399071926 0.00563044425087108
4 0.6341908352668214 0.43668771777003484 0.007581206496519722 0.006373040069686411
2 0.5910440835266821 0.4091169425087108 0.00705046403712297 0.004162674216027874
2 0.5911644431554525 0.4054747386759582 0.006086136890951276 0.004660278745644599
2 0.5970098607888631 0.390498693379791 0.00789443155452436 0.006560322299651568
2 0.574834686774942 0.3830095818815331 0.006206496519721577 0.003891550522648084
2 0.61147186774942 0.3899782229965157 0.005001450116009281 0.004433797909407665
1 0.6190646751740139 0.41481816202090593 0.0047607308584686776 0.002895252613240418
1 0.6065008700696056 0.4146820557491289 0.00566415313225058 0.003709712543554007
1 0.6015893271461717 0.4084157229965157 0.005965777262180974 0.0045699041811846685
2 0.5814936194895591 0.41730618466898955 0.005062354988399072 0.004072299651567944
1 0.588362819025522 0.4186182491289199 0.004338747099767982 0.0027145034843205577
4 0.5823071345707657 0.39667465156794424 0.005482888631090487 0.004433797909407665
4 0.5774260440835267 0.39647103658536587 0.006809744779582367 0.006198824041811847
4 0.5745345127610209 0.39416267421602785 0.007291183294663574 0.0057458623693379795
1 0.6232221577726218 0.3747974738675958 0.005362529002320185 0.005203614982578397
2 0.6120446635730858 0.36880226480836237 0.00638776102088167 0.0051578832752613235
2 0.6157207076566126 0.3653190331010453 0.006508120649651973 0.003981925087108014
1 0.6050841067285383 0.37090701219512195 0.005242169373549883 0.0030313588850174214
1 0.6182511600928075 0.367716681184669 0.005784512761020882 0.002804878048780488
1 0.623342517401392 0.36631424216027875 0.005121809744779582 0.0025337543554006968
2 0.6191255800464037 0.34624782229965156 0.006809744779582367 0.0045699041811846685
2 0.634401102088167 0.3594141986062718 0.008918213457076565 0.005565113240418119
3 0.6186122389791183 0.3577852787456446 0.0026508120649651975 0.003936193379790941
3 0.6206917053364269 0.35812391114982584 0.003435324825986079 0.003891550522648084
4 0.6115327726218097 0.35721907665505226 0.0043982018561484915 0.005881968641114983
3 0.6163834106728538 0.35685757839721255 0.0037354988399071927 0.0033482142857142855
4 0.6082482598607888 0.35699368466898956 0.005543793503480278 0.0048867595818815335
4 0.6447955336426915 0.3712010017421603 0.006809744779582367 0.005972343205574913
4 0.6073752900232019 0.3504780052264808 0.006689385150812065 0.005972343205574913
3 0.6069823085846868 0.3450479094076655 0.007592807424593968 0.005248257839721254
3 0.6042415893271462 0.349143074912892 0.004037122969837587 0.003484320557491289
3 0.601560324825986 0.3452297473867596 0.008797853828306265 0.006696428571428571
2 0.6193967517401392 0.3088969947735192 0.005904872389791183 0.0046156358885017425
1 0.620661252900232 0.31814895470383275 0.005062354988399072 0.004116942508710802
1 0.6170156612529002 0.3270405052264808 0.004037122969837587 0.003619337979094077
1 0.6204509860788864 0.32898628048780487 0.0036760440835266824 0.003709712543554007
1 0.6211731438515081 0.31199586236933796 0.004881090487238979 0.0032121080139372823
1 0.6409077726218098 0.3139862804878049 0.0033744199535962875 0.002488022648083624
1 0.6596186194895591 0.3514057055749129 0.005362529002320185 0.0038458188153310106
1 0.6741110788863109 0.34905270034843205 0.004699825986078886 0.0038458188153310106
4 0.6802871229698376 0.35479856271777 0.007170823665893272 0.006289198606271777
3 0.7190936774941995 0.36583841463414635 0.0057250580046403704 0.0057458623693379795
3 0.7203886310904872 0.3627852787456446 0.005423433874709976 0.005610844947735192
3 0.7261745939675174 0.36124673344947733 0.008074245939675173 0.003438588850174216
3 0.7323506380510441 0.3655901567944251 0.005965777262180974 0.005972343205574913
4 0.7273796403712297 0.37113240418118465 0.007109918793503481 0.006742160278745645
4 0.7273491879350348 0.38192399825783974 0.00705046403712297 0.007510888501742161
4 0.7219866589327145 0.3795034843205575 0.007170823665893272 0.005022865853658537
4 0.7071331206496521 0.36794316202090593 0.007592807424593968 0.00742051393728223
4 0.6952914733178653 0.3800914634146342 0.006086136890951276 0.006018074912891987
3 0.690108758700696 0.3797070993031359 0.005845417633410673 0.005248257839721254
4 0.6968880510440835 0.37228658536585363 0.007109918793503481 0.006877177700348432
4 0.7034266241299304 0.363644381533101 0.006689385150812065 0.006062717770034843
2 0.6779074825986079 0.39242160278745647 0.006025232018561484 0.004433797909407665
3 0.7387383990719257 0.4010409407665505 0.0035556844547563805 0.0044795296167247384
3 0.7378639791183296 0.39929878048780487 0.003977668213457077 0.004072299651567944
3 0.7380147911832947 0.3965842770034843 0.004037122969837587 0.0053386324041811845
3 0.7405452436194896 0.397036149825784 0.0042778422273781905 0.0046156358885017425
3 0.7428349767981439 0.40126633275261325 0.004520011600928075 0.0054747386759581886
3 0.7459382250580046 0.39902656794425084 0.005423433874709976 0.003891550522648084
3 0.7430466937354989 0.39581445993031356 0.0037354988399071927 0.003801175958188153
2 0.7048419373549885 0.3899782229965157 0.006869199535962877 0.005701219512195122
1 0.6625710556844547 0.3932131968641115 0.0047607308584686776 0.0036650696864111492
5 0.6865240719257542 0.35233340592334494 0.005904872389791183 0.0046156358885017425
2 0.6971592227378189 0.3360670731707317 0.008135150812064965 0.005927700348432056
2 0.7409976798143851 0.33670078397212544 0.010243619489559165 0.006650696864111498
2 0.7277102668213457 0.32391877177700346 0.008255510440835266 0.0051578832752613235
2 0.7239443155452435 0.331633275261324 0.009399651972157771 0.006289198606271777
2 0.7354234338747099 0.3439623257839721 0.008979118329466358 0.006153092334494774
2 0.7464805684454756 0.35586236933797905 0.008194605568445475 0.005881968641114983
3 0.7699521461716937 0.3467900696864112 0.0033135150812064968 0.004026567944250871
3 0.7730858468677494 0.3462924651567944 0.003796403712296984 0.003393945993031359
3 0.777122969837587 0.34124782229965156 0.003435324825986079 0.002895252613240418
1 0.7699825986078886 0.3234658101045296 0.004098027842227379 0.003167465156794425
2 0.7750739559164733 0.3049379355400697 0.005845417633410673 0.0035746951219512192
2 0.7910426334106728 0.3027885452961672 0.008375870069605568 0.0047060104529616726
1 0.7759773781902553 0.31484647212543554 0.0042778422273781905 0.00257948606271777
1 0.7766705336426915 0.313059668989547 0.004699825986078886 0.0022626306620209063
4 0.7883903712296984 0.29550304878048783 0.006689385150812065 0.0053386324041811845
4 0.7444620069605569 0.281658318815331 0.005362529002320185 0.004796385017421603
4 0.738135150812065 0.2822691637630662 0.003796403712296984 0.005113240418118467
4 0.7816415313225058 0.29681620209059234 0.007170823665893272 0.006515679442508711
4 0.7147549303944315 0.32294533972125433 0.007170823665893272 0.006289198606271777
4 0.7108381670533642 0.32179115853658535 0.006809744779582367 0.006153092334494774
3 0.718641241299304 0.3227188588850174 0.004820185614849188 0.006018074912891987
3 0.7296084686774942 0.3156380662020906 0.006508120649651973 0.003619337979094077
3 0.7261745939675174 0.31396450348432053 0.006147041763341067 0.0049771341463414635
2 0.7476261600928075 0.3185344076655052 0.008314965197215777 0.005972343205574913
1 0.767933584686775 0.3168151132404181 0.004338747099767982 0.0032578397212543555
2 0.8000203016241298 0.26052809233449475 0.007772621809744779 0.004524172473867595
2 0.7489820185614848 0.2507545731707317 0.007652262180974478 0.005430095818815331
3 0.7837804524361949 0.22618575783972125 0.005904872389791183 0.003709712543554007
2 0.7886919953596288 0.22718205574912892 0.006567575406032483 0.005520470383275262
4 0.7585933874709977 0.19421929442508712 0.00638776102088167 0.00493140243902439
4 0.7603103248259862 0.19555422473867595 0.005965777262180974 0.004524172473867595
4 0.7655234918793504 0.23580139372822298 0.007231728538283062 0.0044795296167247384
2 0.7892952436194896 0.23505444250871077 0.005604698375870069 0.004072299651567944
2 0.735062354988399 0.2764100609756098 0.007531902552204176 0.005520470383275262
3 0.755820765661253 0.28616071428571427 0.006628480278422274 0.0029409843205574914
4 0.7387674013921114 0.2341724738675958 0.004820185614849188 0.0044795296167247384
3 0.7347911832946635 0.2325206881533101 0.003977668213457077 0.003709712543554007
3 0.7342792923433875 0.22955683797909407 0.005482888631090487 0.0021265243902439026
3 0.736719837587007 0.22960256968641116 0.004338747099767982 0.0031217334494773523
1 0.7004741879350348 0.22041702961672474 0.0043982018561484915 0.004116942508710802
2 0.6739907192575406 0.2515015243902439 0.006869199535962877 0.00493140243902439
1 0.6637166473317865 0.2570895034843206 0.003916763341067286 0.003077090592334495
1 0.6682961136890951 0.2557317073170732 0.005121809744779582 0.003077090592334495
2 0.6405771461716937 0.26790287456445994 0.005845417633410673 0.0049771341463414635
2 0.6235237819025522 0.26052809233449475 0.004520011600928075 0.003619337979094077
2 0.5891763341067285 0.24602678571428574 0.005001450116009281 0.0035746951219512192
1 0.6047505800464037 0.2621395905923345 0.004264791183294664 0.003276350174216028
1 0.6057917633410673 0.25945884146341464 0.0055539443155452435 0.0029790940766550524
2 0.6049492459396751 0.2533895905923345 0.008628190255220417 0.005138283972125435
4 0.6118633990719258 0.25521123693379794 0.004098027842227379 0.004026567944250871
4 0.6115922273781903 0.25362804878048784 0.004037122969837587 0.004660278745644599
4 0.5670620649651972 0.23007730836236936 0.004881090487238979 0.0053386324041811845
3 0.5547998839907192 0.2245797038327526 0.00421838747099768 0.0044795296167247384
3 0.5546490719257541 0.22218205574912891 0.0036760440835266824 0.004389155052264808
3 0.5553422273781903 0.22089285714285714 0.005784512761020882 0.0032578397212543555
3 0.5594083526682134 0.22109647212543554 0.003796403712296984 0.0042084059233449475
4 0.5612166473317866 0.222091681184669 0.0057250580046403704 0.00475065331010453
3 0.5635368329466357 0.22170731707317073 0.003615139211136891 0.004162674216027874
3 0.5657062064965197 0.2210050087108014 0.005062354988399072 0.004026567944250871
3 0.5739921693735499 0.21589285714285714 0.005001450116009281 0.005203614982578397
3 0.56850783062645 0.21516877177700347 0.004157482598607889 0.0037554442508710806
3 0.5704364849187935 0.21358558362369337 0.005362529002320185 0.0029409843205574914
3 0.574834686774942 0.21383384146341464 0.005001450116009281 0.003981925087108014
3 0.5597708816705336 0.22675195993031355 0.005001450116009281 0.005022865853658537
3 0.5629045823665894 0.2266387195121951 0.003796403712296984 0.004796385017421603
3 0.5714298143851508 0.2571123693379791 0.0051827146171693735 0.002760235191637631
3 0.5711296403712297 0.25496297909407667 0.006508120649651973 0.0029867160278745646
3 0.595955626450116 0.2652787456445993 0.0033744199535962875 0.0033482142857142855
3 0.5429118329466357 0.289470818815331 0.003570185614849188 0.003425522648083624
4 0.5451580626450115 0.28521014808362366 0.004699825986078886 0.0044795296167247384
4 0.5475681554524362 0.28455357142857146 0.004459106728538283 0.004253048780487805
4 0.551213747099768 0.2857534843205575 0.0047607308584686776 0.004660278745644599
4 0.5498883410672855 0.32722125435540067 0.004520011600928075 0.005248257839721254
4 0.5537441995359629 0.32699477351916373 0.0047607308584686776 0.004253048780487805
4 0.5798071345707656 0.31903201219512195 0.004338747099767982 0.0053386324041811845
4 0.5839646171693735 0.3184211672473868 0.003977668213457077 0.00484102787456446
4 0.5188544083526682 0.36339612369337976 0.004520011600928075 0.004116942508710802
4 0.5225609048723898 0.36226480836236935 0.004338747099767982 0.0033024825783972123
2 0.41587296983758704 0.32131641986062714 0.009099477958236658 0.007918118466898955
3 0.423135150812065 0.3614949912891986 0.007713167053364269 0.005022865853658537
4 0.40957656612529003 0.38115527003484323 0.008074245939675173 0.009230182926829268
3 0.412288283062645 0.37577090592334494 0.005784512761020882 0.0073301393728222985
3 0.41478828306264504 0.3750914634146342 0.005482888631090487 0.004343423344947735
3 0.4141560324825986 0.37208297038327526 0.007109918793503481 0.005565113240418119
3 0.42337587006960553 0.37208297038327526 0.003615139211136891 0.0035746951219512192
3 0.4262674013921114 0.37160823170731705 0.0045794663573085845 0.003709712543554007
3 0.4193082946635731 0.3688251306620209 0.005604698375870069 0.004116942508710802
3 0.42605713457076566 0.3685311411149826 0.004640371229698376 0.002624128919860627
3 0.4163558584686775 0.3828059668989547 0.0033135150812064968 0.004389155052264808
3 0.4184338747099768 0.3833950348432056 0.003615139211136891 0.005203614982578397
2 0.4382598607888631 0.3817203832752613 0.006628480278422274 0.0045699041811846685
3 0.4354277842227378 0.3829192073170732 0.0026508120649651975 0.0033482142857142855
3 0.43841067285382834 0.38393728222996515 0.0030727958236658934 0.003393945993031359
2 0.4225319025522042 0.37898301393728223 0.006025232018561484 0.0047060104529616726
3 0.42436919953596286 0.3670383275261324 0.003916763341067286 0.0025337543554006968
3 0.4332584106728538 0.3599564459930314 0.003855858468677494 0.003393945993031359
3 0.436663283062645 0.36106598432055753 0.0029524361948955915 0.003619337979094077
3 0.435578596287703 0.3606130226480836 0.0029524361948955915 0.003438588850174216
3 0.4186151392111369 0.35556837979094075 0.003977668213457077 0.0036650696864111492
3 0.4224709976798144 0.3553647648083624 0.00421838747099768 0.003438588850174216
2 0.3905945475638051 0.3364057055749129 0.008918213457076565 0.005881968641114983
2 0.4036716937354988 0.3536672473867596 0.007352088167053365 0.0054747386759581886
2 0.4043633990719257 0.3672865853658536 0.007291183294663574 0.005565113240418119
2 0.4013515081206496 0.28396559233449475 0.008255510440835266 0.005610844947735192
2 0.39261310904872393 0.2937162456445993 0.00789443155452436 0.0057458623693379795
2 0.40888341067285383 0.2710256968641115 0.006689385150812065 0.003438588850174216
2 0.36109918793503476 0.3220633710801394 0.00705046403712297 0.0050675087108013935
2 0.3675159512761021 0.31907665505226485 0.007833526682134571 0.007057926829268292
2 0.3479625870069606 0.3070187282229965 0.007291183294663574 0.005927700348432056
2 0.3353378770301624 0.31891877177700345 0.005423433874709976 0.0045699041811846685
2 0.3101493619489559 0.2986030052264808 0.00638776102088167 0.005022865853658537
1 0.33081931554524363 0.2958427700348432 0.003855858468677494 0.0031217334494773523
2 0.347179524361949 0.2412761324041812 0.0057250580046403704 0.005113240418118467
2 0.38285237819025525 0.23885561846689896 0.0057250580046403704 0.0049771341463414635
2 0.3882743619489559 0.23548453832752614 0.00789443155452436 0.004389155052264808
2 0.3141574825986079 0.24007730836236932 0.009340197215777262 0.00850609756097561
2 0.27628480278422274 0.2241049651567944 0.007109918793503481 0.0053386324041811845
2 0.262546403712297 0.25688588850174215 0.006869199535962877 0.003936193379790941
2 0.25531467517401396 0.31762848432055746 0.005904872389791183 0.005430095818815331
1 0.2607381090487239 0.32692726480836237 0.00421838747099768 0.0030313588850174214
2 0.3166574825986079 0.3750914634146342 0.006628480278422274 0.0050675087108013935
2 0.28490139211136895 0.3908830574912892 0.005784512761020882 0.003891550522648084
1 0.27513921113689094 0.43312064459930316 0.005303074245939675 0.0036650696864111492
2 0.393455626450116 0.5606772648083624 0.005759860788863109 0.004733231707317073
2 0.4025304524361949 0.24435322299651566 0.005651102088167053 0.0043249128919860625
2 0.43681699535962876 0.22366724738675955 0.005977378190255221 0.005385452961672474
2 0.3332511600928074 0.18417247386759583 0.007498549883990719 0.005712108013937282
2 0.277391241299304 0.17756315331010453 0.008368619489559165 0.00881315331010453
2 0.34210701856148495 0.15687717770034842 0.006521171693735499 0.004651567944250871
2 0.23299883990719258 0.1970241724738676 0.011302204176334107 0.006935975609756098
4 0.24152987238979118 0.17923562717770034 0.007933584686774943 0.009547038327526134
4 0.24701711136890953 0.182051393728223 0.007607308584686775 0.008649825783972125
4 0.2728813805104408 0.1549183362369338 0.008910962877030163 0.007914851916376307
4 0.2728813805104408 0.1404758275261324 0.008910962877030163 0.006445993031358886
4 0.24891966357308584 0.1412913763066202 0.008368619489559165 0.006120426829268293
4 0.2833149651972158 0.1895579268292683 0.005868619489559164 0.005385452961672474
4 0.20208091647331786 0.15748911149825784 0.008151102088167054 0.007507621951219513
4 0.20626450116009282 0.15801938153310105 0.004781032482598608 0.0049771341463414635
3 0.26659367749419954 0.13846036585365853 0.006183294663573086 0.005288545296167247
4 0.26554669373549883 0.1335801393728223 0.007281032482598608 0.006364329268292683
4 0.3934483758700696 0.23932273519163763 0.004637470997679814 0.00477243031358885
4 0.3968416473317865 0.2404834494773519 0.004551914153132251 0.005030487804878049
4 0.4167676914153133 0.25873475609756097 0.005582946635730859 0.004642857142857143
3 0.46931989559164733 0.29933797909407667 0.0055539443155452435 0.005883057491289199
4 0.4734527262180974 0.2984277003484321 0.0069562064965197215 0.005094729965156794
4 0.46464907192575405 0.2939133275261324 0.004122679814385151 0.0040625
3 0.5908657192575406 0.31240744773519163 0.008628190255220417 0.005510670731707317
3 0.5980060904872391 0.31400914634146343 0.005455336426914152 0.0054366289198606275
3 0.6026174593967517 0.31054551393728225 0.004363399071925754 0.004468641114982578
4 0.6053320765661253 0.3086824912891986 0.00583961716937355 0.004966245644599303
4 0.5603277262180975 0.2462227787456446 0.005497389791183294 0.003353658536585366
4 0.5644069025522042 0.24844838850174217 0.005066705336426914 0.003934015679442509
2 0.6426493619489559 0.5948246951219512 0.010392981438515081 0.007158101045296167
2 0.5983323665893272 0.5831195557491289 0.006613979118329466 0.005675087108013937
2 0.6083816705336427 0.5859255226480836 0.007816125290023202 0.004836672473867596
1 0.6379263341067286 0.5510681620209059 0.004380800464037123 0.0042563153310104535
1 0.6193314965197215 0.5166300087108013 0.004293793503480278 0.0032240853658536584
2 0.526100638051044 0.5624825783972126 0.006097737819025522 0.004642857142857143
2 0.5135614849187935 0.5562597996515679 0.005754060324825986 0.0040625
3 0.5000348027842227 0.49086672473867593 0.008245359628770302 0.0040625
3 0.49956206496519723 0.4887706881533101 0.007299883990719258 0.0034821428571428573
2 0.5161818445475638 0.5043129355400696 0.005153712296983758 0.004127831010452962
3 0.5015371229698375 0.6282948606271778 0.00884570765661253 0.005223214285714286
2 0.5012804524361949 0.6226197735191638 0.0086745939675174 0.005997386759581881
3 0.42153422273781904 0.5937924651567945 0.004122679814385151 0.0040625
3 0.424669373549884 0.5943085801393728 0.0042082366589327146 0.0053527874564459925
3 0.424282192575406 0.5909875871080139 0.005497389791183294 0.003353658536585366
3 0.44648346867749417 0.6006282665505227 0.006270301624129931 0.00664198606271777
3 0.4500478538283063 0.5983710801393728 0.007558004640371229 0.0036759581881533098
3 0.3849028422273782 0.5593554006968641 0.0054103828306264505 0.004836672473867596
3 0.382969837587007 0.5579682055749129 0.004293793503480278 0.00515897212543554
3 0.3803074245939675 0.5850217770034843 0.004466357308584687 0.00586890243902439
3 0.38370069605568446 0.5858601916376307 0.003349767981438515 0.005997386759581881
3 0.3604683874709977 0.6083035714285714 0.003950116009280742 0.004966245644599303
3 0.3627436194895592 0.609012412891986 0.003349767981438515 0.004836672473867596
3 0.3645910672853828 0.6089155052264809 0.002576856148491879 0.006707317073170732
4 0.35728973317865426 0.6376785714285714 0.007214327146171694 0.007223432055749129
3 0.34882975638051045 0.6347114547038327 0.003349767981438515 0.006707317073170732
3 0.35222302784222737 0.6363240418118467 0.0036078886310904872 0.005546602787456446
3 0.3469837587006961 0.6330672909407665 0.003435324825986079 0.005481271777003484
3 0.3767865429234339 0.5028941637630662 0.006012180974477958 0.00696537456445993
4 0.31662267981438513 0.5110844947735191 0.005582946635730859 0.003998257839721254
4 0.2973839907192576 0.5125348432055749 0.004895591647331787 0.004836672473867596
3 0.3505481438515081 0.4964122386759582 0.003349767981438515 0.0035474738675958187
5 0.35114994199535965 0.4977667682926829 0.0042082366589327146 0.0034179006968641117
4 0.35029002320185615 0.49438153310104527 0.004895591647331787 0.0043847996515679446
5 0.3538123549883991 0.4963164198606272 0.0054103828306264505 0.0030956010452961673
4 0.35896461716937356 0.4965418118466899 0.004380800464037123 0.004578614982578397
4 0.386921403712297 0.5116006097560976 0.005324825986078886 0.004514372822299652
1 0.39946055684454757 0.5224020034843205 0.004981148491879351 0.002643728222996516
1 0.399504060324826 0.518855618466899 0.003349767981438515 0.002773301393728223
1 0.41139936194895593 0.534526350174216 0.005153712296983758 0.0036759581881533098
1 0.3068314965197216 0.5262717770034843 0.003520881670533643 0.0034179006968641117
1 0.3109106728538283 0.5264329268292683 0.005497389791183294 0.0037402003484320557
4 0.29248839907192575 0.41096363240418116 0.0054103828306264505 0.003934015679442509
4 0.29596722737819026 0.41073715156794427 0.007901682134570766 0.004514372822299652
3 0.2927465197215777 0.40748040069686414 0.006270301624129931 0.002901785714285714
3 0.34419228538283064 0.38010452961672475 0.0036934454756380507 0.005417029616724738
3 0.3429466357308585 0.3776546167247387 0.003950116009280742 0.005675087108013937
3 0.3458671693735499 0.37826655052264807 0.004293793503480278 0.004320557491289199
3 0.34810034802784223 0.3796537456445993 0.004293793503480278 0.004514372822299652
3 0.34913138051044085 0.3772669860627178 0.006355858468677494 0.006707317073170732
2 0.3331133990719258 0.3708177264808363 0.004551914153132251 0.0043847996515679446
4 0.34947505800464035 0.3334462108013937 0.009791183294663573 0.008318815331010454
3 0.3363341067285383 0.33589721254355404 0.007214327146171694 0.008318815331010454
2 0.3333280162412993 0.3329627613240418 0.005668503480278423 0.00477243031358885
3 0.23790748259860786 0.1704801829268293 0.003435324825986079 0.005094729965156794
4 0.24181554524361948 0.17199477351916376 0.004724477958236659 0.005546602787456446
3 0.24383410672853828 0.16938371080139372 0.006012180974477958 0.005481271777003484
3 0.23597447795823664 0.1695121951219512 0.00712877030162413 0.004450130662020906
3 0.2750536542923434 0.1518739111498258 0.008330916473317867 0.007868031358885018
4 0.2598506380510441 0.14023410278745646 0.004724477958236659 0.005481271777003484
4 0.26358758700696056 0.1406533101045296 0.006012180974477958 0.007093858885017422
3 0.26977088167053365 0.13665505226480837 0.005668503480278423 0.006061628919860627
3 0.235330626450116 0.15280923344947736 0.004810034802784223 0.006900043554006969
3 0.24177204176334108 0.1541964285714286 0.007729118329466357 0.008126088850174216
3 0.24112819025522042 0.15010126306620208 0.0064414153132250586 0.004320557491289199
3 0.2342995939675174 0.14748911149825783 0.006870649651972158 0.005288545296167247
5 0.2848868909512761 0.19288980836236932 0.004293793503480278 0.006061628919860627
3 0.28746374709976796 0.1910202526132404 0.006012180974477958 0.005933144599303136
5 0.28913863109048726 0.18898845818815332 0.009018271461716937 0.0047081881533101045
3 0.32439530162412994 0.17747713414634148 0.006355858468677494 0.0036117160278745647
3 0.32559744779582367 0.1757676393728223 0.005668503480278423 0.0032894163763066203
3 0.3175246519721578 0.17264046167247388 0.006012180974477958 0.00477243031358885
3 0.3217763921113689 0.1717051393728223 0.009018271461716937 0.005481271777003484
2 0.3604683874709977 0.18521559233449478 0.004293793503480278 0.003353658536585366
4 0.40929524361948955 0.1600326655052265 0.007472447795823666 0.006900043554006969
2 0.40912267981438516 0.1669969512195122 0.008159802784222738 0.007158101045296167
3 0.41320330626450114 0.16212870209059232 0.004293793503480278 0.006449259581881533
3 0.41577871229698377 0.1609995644599303 0.004810034802784223 0.005223214285714286
2 0.4010919373549884 0.16770688153310104 0.006870649651972158 0.005223214285714286
2 0.44261890951276106 0.1953408101045296 0.004380800464037123 0.00477243031358885
2 0.45983903712296986 0.2057883275261324 0.005153712296983758 0.0042563153310104535
2 0.4651638631090487 0.22439351045296166 0.004810034802784223 0.004836672473867596
3 0.44403567285382833 0.20623911149825783 0.004466357308584687 0.004127831010452962
3 0.44201856148491875 0.20388501742160278 0.0042082366589327146 0.0032894163763066203
3 0.4448955916473318 0.20317617595818815 0.003435324825986079 0.002901785714285714
4 0.4482874129930394 0.2033699912891986 0.005066705336426914 0.005094729965156794
3 0.4506496519721577 0.2009516550522648 0.006012180974477958 0.006449259581881533
2 0.4656003480278423 0.27141114982578396 0.008033642691415313 0.006330574912891986
2 0.46711281902552204 0.2651034407665505 0.005946925754060324 0.00540287456445993
2 0.4413022041763341 0.27815113240418116 0.007041763341067286 0.005809015679442509
2 0.4424086426914153 0.27218641114982584 0.006167343387470998 0.004355400696864111
2 0.4449419953596288 0.2754388066202091 0.0053596287703016245 0.0044653745644599304
4 0.44363254060324825 0.2659375 0.0041661832946635734 0.004021123693379791
2 0.442959686774942 0.26212652439024386 0.003451276102088167 0.0036378484320557488
2 0.4472172273781903 0.2650206881533101 0.003156902552204176 0.003032447735191638
2 0.44993039443155447 0.2811672473867596 0.005652552204176334 0.005585801393728222
2 0.4565052204176334 0.2753560540069686 0.0049927494199535965 0.005181837979094077
2 0.42821055684454756 0.30350827526132407 0.007041763341067286 0.0064786585365853655
2 0.43543358468677495 0.30540069686411153 0.006313805104408352 0.005291811846689896
2 0.49372679814385145 0.3390004355400697 0.008662993039443156 0.006119337979094077
2 0.4957830626450116 0.33497604529616726 0.007488399071925754 0.006008275261324042
2 0.5068314965197216 0.3546831445993031 0.0046258700696055685 0.0033079268292682926
2 0.5056569025522042 0.36300740418118466 0.004918793503480279 0.004299869337979094
2 0.4922215777262181 0.37072517421602785 0.004772331786542923 0.004299869337979094
1 0.49596577726218094 0.37276459059233447 0.0046258700696055685 0.0028669425087108013
1 0.5167792923433875 0.3748323170731707 0.004551914153132251 0.005237369337979094
2 0.550294373549884 0.45198170731707316 0.007267981438515081 0.004078832752613241
2 0.5322331786542924 0.4458895905923345 0.0046258700696055685 0.0038033536585365853
2 0.5112006960556844 0.44271994773519163 0.0057265081206496525 0.004740853658536585
2 0.5185049303944316 0.3583493031358885 0.006827146171693735 0.004906358885017422
1 0.5545519141531322 0.35096254355400697 0.005506090487238979 0.003362369337979094
1 0.5587369489559165 0.3456152003484321 0.004185034802784223 0.0034734320557491287
1 0.7734440255220417 0.5204213850174216 0.0057265081206496525 0.002701437282229965
1 0.7225304524361948 0.5183536585365854 0.007267981438515081 0.005181837979094077
2 0.779024071925754 0.5162587108013937 0.008957366589327147 0.005181837979094077
2 0.7847505800464037 0.5130063153310105 0.0057265081206496525 0.005071864111498257
1 0.734477958236659 0.6593706445993032 0.004264791183294664 0.003276350174216028
1 0.7421650232018562 0.6928821864111498 0.005355278422273782 0.006553789198606271
1 0.7527276682134572 0.6899412020905923 0.0044634570765661255 0.0024575348432055747
2 0.4647085266821346 0.5768554006968641 0.008232308584686775 0.0071493902439024384
2 0.39230713457076566 0.7000315766550523 0.007834976798143852 0.005064242160278745
3 0.4568735498839907 0.4226252177700348 0.006843097447795823 0.0049150696864111495
3 0.45702146171693736 0.41968423344947736 0.006744489559164733 0.0029039634146341463
3 0.45895591647331785 0.4105988675958188 0.003471577726218098 0.003202308362369338
3 0.45761745939675175 0.40590701219512193 0.0031743039443155453 0.003053135888501742
3 0.4609396751740139 0.4094817073170732 0.0050580046403712305 0.00484102787456446
3 0.4613355568445475 0.40475283101045295 0.005851218097447796 0.005213414634146342
3 0.46331931554524364 0.401512412891986 0.004662122969837586 0.0035006533101045296
3 0.4591052784222738 0.3998377613240418 0.0033715197215777263 0.003723867595818816
3 0.462675464037123 0.398422256097561 0.004959396751740139 0.004468641114982578
3 0.47422998839907193 0.3695274390243902 0.005851218097447796 0.0041702961672473865
3 0.4777508700696056 0.37269272648083623 0.0041661832946635734 0.004244337979094077
3 0.47814675174013926 0.37097996515679443 0.004562064965197216 0.003202308362369338
3 0.4780974477958237 0.3684102787456446 0.006049883990719257 0.003425522648083624
3 0.5038341067285383 0.3500903745644599 0.00634715777262181 0.005510670731707317
3 0.5070084106728538 0.3494947735191638 0.007140371229698376 0.005809015679442509
3 0.49505800464037125 0.34811628919860627 0.008628190255220417 0.00484102787456446
3 0.5061165893271461 0.345584712543554 0.009322795823665894 0.003351480836236934
3 0.44353393271461716 0.35251088850174217 0.014282192575406031 0.005883057491289199
3 0.42359773781902554 0.2998595383275261 0.0029756380510440835 0.0036487369337979093
3 0.4260774361948956 0.29933797909407667 0.003967517401392112 0.004393510452961672
3 0.42949970997679815 0.29769925958188154 0.0044634570765661255 0.004393510452961672
3 0.4321766241299304 0.2983329703832752 0.004264791183294664 0.003873040069686411
3 0.42597882830626455 0.2958373257839721 0.004959396751740139 0.0036487369337979093
2 0.4915864269141531 0.28477896341463416 0.0044634570765661255 0.0041702961672473865
2 0.4971403712296984 0.2860452961672474 0.007636310904872389 0.004616724738675958
1 0.45920388631090486 0.23644708188153313 0.003570185614849188 0.002531576655052265
1 0.46074100928074246 0.2333558362369338 0.0038674593967517406 0.0029039634146341463
1 0.4522114269141531 0.23130879790940767 0.004662122969837586 0.003873040069686411
1 0.5167285382830626 0.24761759581881532 0.003967517401392112 0.003425522648083624
1 0.5508961716937355 0.21667465156794424 0.004066125290023202 0.0037979094076655054
1 0.5661194895591647 0.20505662020905924 0.003967517401392112 0.0029039634146341463
1 0.48479263341067286 0.27882077526132404 0.003570185614849188 0.0026807491289198605
3 0.49912412993039446 0.28127831010452964 0.005256670533642691 0.004021123693379791
3 0.5027929234338747 0.2761400261324042 0.0050580046403712305 0.0056598432055749125
3 0.5016038283062645 0.27796493902439023 0.003074245939675174 0.003053135888501742
4 0.5065617749419954 0.2747996515679443 0.004264791183294664 0.004468641114982578
1 0.549209686774942 0.2776295731707317 0.004264791183294664 0.0035746951219512192
1 0.549705626450116 0.2698475609756098 0.004066125290023202 0.0035006533101045296
3 0.5683512180974478 0.3147539198606272 0.004066125290023202 0.004542682926829268
4 0.5689965197215777 0.30946646341463413 0.0041661832946635734 0.003202308362369338
3 0.6003871809744781 0.30667356271777 0.003074245939675174 0.002383493031358885
2 0.5828320765661253 0.2651557055749129 0.007240429234338747 0.004542682926829268
2 0.5768808004640371 0.2525696864111498 0.005652552204176334 0.0037979094076655054
2 0.5729640371229698 0.24839939024390245 0.0041661832946635734 0.0035006533101045296
3 0.4947592807424594 0.24698497386759583 0.0032729118329466356 0.004244337979094077
3 0.4934208236658933 0.24478767421602787 0.0029756380510440835 0.004021123693379791
3 0.4978842807424594 0.24791594076655055 0.0047607308584686776 0.0049150696864111495
3 0.4968430974477958 0.24396885888501743 0.005851218097447796 0.0029790940766550524
3 0.5011078886310905 0.24437826655052264 0.007636310904872389 0.004393510452961672
1 0.5042314385150812 0.2633678135888502 0.0047607308584686776 0.003351480836236934
2 0.6282062064965197 0.24180858013937281 0.006744489559164733 0.006404616724738676
4 0.7509425754060325 0.2604268292682927 0.005851218097447796 0.005213414634146342
4 0.7549086426914153 0.2608362369337979 0.00624854988399072 0.004244337979094077
3 0.7534208236658932 0.2567399825783972 0.007240429234338747 0.00498911149825784
2 0.5960716357308585 0.19027439024390244 0.0126957656612529 0.006404616724738676
2 0.47184889791183293 0.2515276567944251 0.005455336426914152 0.0061814024390243905
3 0.4244417053364269 0.25845274390243905 0.004264791183294664 0.00484102787456446
3 0.4275159512761021 0.25878810975609756 0.004859338747099768 0.004319468641114983
2 0.4211687935034803 0.25543662891986063 0.004066125290023202 0.0029790940766550524
3 0.42573085846867753 0.25621951219512196 0.004859338747099768 0.003351480836236934
2 0.42821055684454756 0.2533895905923345 0.004662122969837586 0.0027558797909407666
2 0.4361441415313225 0.24795296167247385 0.002678364269141531 0.0029039634146341463
2 0.4423433874709977 0.3612238675958188 0.006744489559164733 0.003947081881533101
2 0.4440298723897912 0.3698998257839721 0.006545823665893271 0.003425522648083624
2 0.44626015081206494 0.36751633275261325 0.004264791183294664 0.004021123693379791
2 0.43639211136890954 0.5455030487804877 0.007140371229698376 0.005213414634146342
3 0.5317995939675174 0.7449226916376307 0.006811194895591647 0.005480182926829268
2 0.7959454756380511 0.38620862369337977 0.00744054524361949 0.00558689024390244
2 0.7752653712296983 0.39248475609756095 0.00744054524361949 0.0042084059233449475
2 0.7774883990719258 0.43453506097560973 0.005701856148491879 0.004426175958188153
2 0.7847360788863109 0.4329747386759582 0.005508990719257541 0.0056598432055749125
2 0.7898578886310904 0.42814895470383274 0.008020591647331788 0.005297256097560975
2 0.7665690255220418 0.43624020034843203 0.006281902552204176 0.004063588850174216
2 0.7465646751740139 0.4274237804878049 0.012659512761020881 0.005297256097560975
2 0.6928828306264501 0.4301448170731707 0.007730568445475638 0.0046439459930313585
3 0.7118720997679814 0.42147321428571427 0.005508990719257541 0.00558689024390244
3 0.7147230278422273 0.4228157665505226 0.003478828306264501 0.005369120209059234
4 0.7188790603248261 0.4226350174216028 0.006377610208816705 0.007038327526132405
4 0.7673897911832946 0.417555531358885 0.007150522041763341 0.007329050522648084
4 0.7471447215777263 0.4345709930313589 0.006860498839907193 0.006820557491289199
3 0.7513964617169374 0.4326840156794425 0.006860498839907193 0.006240200348432056
4 0.7529915893271462 0.4292737369337979 0.008503480278422274 0.004934668989547039
4 0.7736716937354988 0.3656739982578397 0.006957656612529002 0.006022430313588851
4 0.7794692575406033 0.36356925087108016 0.006184744779582366 0.007909407665505226
3 0.769467807424594 0.3608482142857143 0.00937354988399072 0.0059505662020905925
2 0.7718358468677494 0.40685213414634147 0.006764791183294663 0.0059505662020905925
3 0.7769576566125289 0.4044577526132404 0.004638921113689095 0.005515026132404181
3 0.7800014501160093 0.4050751306620209 0.0060875870069605565 0.005877613240418118
3 0.7856061484918794 0.4046755226480836 0.009180684454756382 0.006820557491289199
3 0.78352813225058 0.4047484756097561 0.0027059164733178654 0.006385017421602787
3 0.7857511600928074 0.402354094076655 0.006377610208816705 0.006240200348432056
2 0.7711586426914153 0.4017367160278746 0.009276392111368909 0.005006533101045296
3 0.778744199535963 0.40046711672473867 0.007054814385150812 0.00507948606271777
3 0.7712064965197215 0.4136008275261324 0.008600638051044085 0.005515026132404181
3 0.7866212296983759 0.39905161149825785 0.006957656612529002 0.003990635888501742
3 0.6724448955916473 0.4678767421602787 0.006667633410672853 0.0031925087108013936
2 0.71834686774942 0.4684211672473867 0.005701856148491879 0.005442073170731707
2 0.7205220417633411 0.47393510452961674 0.005411832946635731 0.004281358885017422
2 0.7166560324825987 0.4655542247386759 0.006571925754060325 0.005804660278745645
2 0.6597375290023202 0.44465701219512194 0.006377610208816705 0.005515026132404181
1 0.6809976798143851 0.43747386759581885 0.004058874709976798 0.003918771777003485
1 0.677856728538283 0.4228157665505226 0.0031888051044083525 0.0027569686411149825
1 0.6795954176334107 0.43090701219512195 0.005121809744779582 0.002394381533101045
1 0.66790313225058 0.40565548780487803 0.0037688515081206494 0.002974738675958188
1 0.6703030742459396 0.5008765243902439 0.00486368909512761 0.003652003484320557
1 0.4464776682134571 0.6539351045296167 0.008768851508120649 0.005994120209059233
1 0.37475783062645013 0.6612565331010453 0.004580916473317866 0.002948606271777003
1 0.3381133990719258 0.5264797473867595 0.00615139211136891 0.00461890243902439
1 0.31377030162412994 0.5310986498257839 0.00615139211136891 0.0052079703832752615