2 0.4515616797900262 0.029161092026758265 0.02518372703412069 0.016913758813957694
1 0.5384488188976377 0.06125474597721934 0.013850393700787457 0.00997468812149701
1 0.5478923884514435 0.049763153136864906 0.016370078740157452 0.012144277707467002
1 0.5337270341207349 0.10853010305550537 0.01448031496062994 0.010842523955885017
2 0.6860918635170604 0.1718495751220394 0.013223097112860922 0.00997468812149703
2 0.6810551181102361 0.1618748870005424 0.011963254593175834 0.008240824444042656
1 0.747002624671916 0.16497740010847944 0.009065616797900253 0.007322364852648707
1 0.7603858267716535 0.1603561742903634 0.00944356955380566 0.005205207015006322
1 0.8853464566929135 0.17434460314590494 0.009377952755905397 0.00969083348399926
1 0.8975380577427822 0.16497740010847944 0.008753280839895109 0.008615078647622508
1 0.8826876640419947 0.19039052612547464 0.011566929133858192 0.008615078647622508
1 0.7873333333333333 0.16583800397758092 0.009065616797900253 0.00516904718857348
1 0.7868635170603674 0.1605622853010306 0.007503937007874054 0.0049538962212981544
1 0.7879580052493438 0.17822274453082626 0.0071916010498686705 0.0062448020249502734
1 0.8004671916010498 0.0670475501717592 0.007837270341207262 0.0064111372265413195
1 0.8080603674540683 0.06536069426866754 0.008328083989501198 0.007759898752485981
1 0.75498687664042 0.00289278611462665 0.005511811023622047 0.0057855722292533
1 0.7593202099737534 0.004454890616525018 0.004897637795275553 0.005398662086421985
1 0.7647086614173229 0.022507683963116937 0.007837270341207262 0.005060567709274997
1 0.7664225721784776 0.01002169589585967 0.008328083989501198 0.008436087506779967
1 0.7140104986876641 0.03988428855541492 0.009307086614173237 0.006073042849394329
1 0.6991889763779527 0.05168143192912673 0.008167979002624644 0.006219490146447293
1 0.7014461942257219 0.0643409871632616 0.005372703412073558 0.005181703127824981
1 0.9798530183727033 0.37557042126197787 0.007112860892388547 0.006682335924787568
1 0.956737532808399 0.3518495751220394 0.015842519685039285 0.007796058578918802
1 0.9389527559055117 0.3557476044114989 0.009375328083989568 0.01158199240643644
1 0.9103385826771654 0.30841800759356347 0.014225721784776855 0.007796058578918802
1 0.9185826771653544 0.3154348219128548 0.017136482939632536 0.006235762068342032
1 0.6995879265091864 0.45725185319110473 0.013593175853018363 0.004780329054420466
1 0.6940944881889763 0.4520719580546013 0.009543307086614087 0.004780329054420466
1 0.6158687664041995 0.4194015548725366 0.008097112860892484 0.005975411318025706
1 0.6184698162729658 0.38513831133610554 0.0069396325459316534 0.0055776532272645745
1 0.8193123359580052 0.38653227264509127 0.010700787401574917 0.004780329054420466
1 0.8274094488188977 0.408345687940698 0.01185564304461944 0.006573856445489003
2 0.8366640419947505 0.3957964201771831 0.008965879265091825 0.00936358705478213
1 0.3277821522309711 0.15948833845597543 0.013472440944881871 0.010385102151509682
1 0.3418976377952756 0.1605930211534984 0.010265091863517093 0.012153317664075217
2 0.324254593175853 0.2212493220032544 0.01218897637795277 0.010607485084071609
1 0.3212073490813649 0.21241005243174835 0.011228346456692967 0.00707105405894054
1 0.34286089238845147 0.22787922617971434 0.010908136482939618 0.006186946302657711
1 0.3433412073490814 0.2246754655577653 0.00802099737532807 0.0033140480925691424
1 0.4006010498687664 0.2178249864400651 0.009624671916010517 0.007291629000180786
1 0.44374803149606296 0.2274362683059121 0.011228346456692967 0.008396311697703862
2 0.43348293963254597 0.2704158380039776 0.016359580052493418 0.011712167781594684
2 0.3955984251968504 0.10203037425420357 0.012215223097112851 0.009992768034713431
1 0.4018976377952756 0.09532453444223464 0.009543307086614206 0.006047730970891348
1 0.40342519685039374 0.08888266136322548 0.009543307086614206 0.0063116977038510155
2 0.47290288713910766 0.041809799312963296 0.00877952755905507 0.0115711444585066
2 0.520241469816273 0.09742903634062558 0.022522309711286076 0.01288555414934008
2 0.3633385826771654 0.07994033628638585 0.012598425196850394 0.012623395407702031
2 0.3767007874015748 0.08046646176098354 0.011834645669291377 0.0115711444585066
2 0.37192913385826776 0.0971650696076659 0.015270341207349039 0.009730609293075392
2 0.42881102362204726 0.08401735671668772 0.015270341207349039 0.009204483818477665
2 0.42861942257217844 0.07336647984089675 0.021761154855643006 0.009992768034713431
2 0.4761496062992126 0.11767673115169046 0.012215223097112851 0.01130717772554691
1 0.4635511811023622 0.13030012655939252 0.008398950131233596 0.009204483818477686
1 0.5761679790026246 0.17171759175555956 0.012979002624671868 0.005259446754655563
1 0.5857112860892388 0.16317121677815946 0.012979002624671868 0.00709998192008678
1 0.5817034120734909 0.15949014644729703 0.009543307086614087 0.005521605496293611
1 0.5971653543307086 0.16080455613813052 0.00992650918635163 0.008152232869282213
1 0.758265091863517 0.28111372265413126 0.00992650918635163 0.007888266136322566
1 0.7311601049868767 0.29886277345868745 0.008398950131233596 0.006047730970891307
2 0.7170367454068242 0.2882137045742181 0.010690288713910647 0.007888266136322566
2 0.7315433070866143 0.2893961308985717 0.01450656167979014 0.009730609293075423
2 0.627745406824147 0.34745254022780697 0.011404199475065569 0.006949918640390536
1 0.629041994750656 0.33686313505695165 0.008015748031496054 0.004733321280057826
2 0.6334304461942257 0.3312095461941783 0.01679790026246719 0.00709998192008678
1 0.6351496062992126 0.3384397034894232 0.007254593175853104 0.005259446754655604
3 0.6416404199475064 0.33686313505695165 0.006490813648293849 0.007363948653046469
3 0.6456482939632546 0.3298933285120232 0.011451443569553835 0.008152232869282254
3 0.649275590551181 0.33515277526667864 0.009543307086614087 0.004997288013017515
1 0.7074908136482939 0.2310178991140843 0.012979002624671868 0.003945037063822123
1 0.6851601049868766 0.2266787199421443 0.00877952755905507 0.006837823178448773
1 0.6964199475065616 0.22746700415838003 0.009162729658792612 0.0063116977038509955
1 0.6937480314960631 0.24771650696076658 0.007635170603674579 0.008940517085517956
1 0.6721784776902887 0.2876875790996203 0.009543307086614087 0.009466642560115734
2 0.5853307086614173 0.225494485626469 0.016034120734908175 0.006047730970891307
1 0.549254593175853 0.22891339721569334 0.009543307086614087 0.00867835834387995
1 0.5591811023622048 0.2161598264328331 0.01336220472440941 0.0063116977038509955
1 0.5521181102362205 0.24377146989694454 0.010690288713910647 0.007363948653046469
1 0.5937296587926509 0.2595498101609113 0.013742782152230884 0.010518893509311126
1 0.5773123359580052 0.2654655577653227 0.016034120734908175 0.007626107394684476
1 0.597737532808399 0.24758452359428673 0.00877952755905507 0.008152232869282254
1 0.5402834645669291 0.3149050804556138 0.009162729658792612 0.00709998192008678
1 0.5523097112860893 0.3216109202675827 0.011834645669291377 0.007363948653046469
1 0.5454356955380578 0.33857168685590316 0.011834645669291377 0.006047730970891307
1 0.555745406824147 0.333970348942325 0.007254593175853104 0.006837823178448773
1 0.5664330708661418 0.34199059844512747 0.009543307086614087 0.00867835834387995
1 0.5643333333333334 0.3552702947025854 0.010690288713910647 0.0057855722292533
2 0.43854593175853024 0.27979750497197614 0.012598425196850394 0.007888266136322566
1 0.44942519685039367 0.279929488338456 0.008398950131233596 0.008152232869282254
1 0.3637217847769029 0.27651057674923163 0.010307086614173223 0.006047730970891307
1 0.3637217847769029 0.27217139757729164 0.00877952755905507 0.005259446754655604
1 0.3763202099737533 0.26204845416741995 0.01336220472440941 0.006573856445489084
2 0.3944540682414698 0.08086060386910139 0.014506561679790022 0.009204483818477665
2 0.45744356955380583 0.013804013740734028 0.019086614173228295 0.009730609293075392
2 0.5089790026246719 0.12674923160368834 0.014506561679790022 0.011045018983908863
2 0.5059265091863517 0.11215512565539684 0.016034120734908175 0.01130717772554691
1 0.4610682414698163 0.1109708913397216 0.011834645669291377 0.006311697703851036
2 0.4228923884514435 0.19262339540770207 0.01336220472440941 0.009730609293075423
1 0.4530524934383202 0.23693364671849576 0.010307086614173223 0.007888266136322566
1 0.4593517060367454 0.23719761345145543 0.006871391076115442 0.007363948653046469
1 0.44961679790026243 0.22365395046103784 0.006490813648293968 0.00709998192008678
1 0.4547690288713911 0.2262845778340264 0.009926509186351748 0.004997288013017515
3 0.2848897637795275 0.34488338455975415 0.010690288713910766 0.007626107394684476
3 0.29519685039370075 0.35053697342252754 0.006871391076115442 0.008940517085517956
3 0.2936692913385827 0.3459356355089495 0.007635170603674579 0.00709998192008678
2 0.33050918635170595 0.3490905803652142 0.014125984251968546 0.008152232869282254
3 0.3034041994750656 0.34790815404086056 0.011070866141732241 0.0063116977038509955
3 0.34768766404199475 0.32489784849032727 0.014125984251968546 0.004997288013017515
2 0.3578031496062992 0.331997830410414 0.012979002624671868 0.00867835834387995
1 0.3906351706036746 0.30648888085337184 0.009162729658792612 0.004997288013017515
3 0.34463254593175857 0.321346953534623 0.011070866141732241 0.004733321280057826
3 0.35055118110236216 0.3204266859519074 0.010690288713910766 0.007626107394684476
3 0.30474015748031497 0.34185861507864757 0.011451443569553835 0.00420719580546013
3 0.305503937007874 0.3380455613813053 0.014506561679790022 0.004997288013017515
2 0.34902362204724413 0.3894557946121858 0.015270341207349039 0.009992768034713512
1 0.7431522309711286 0.3187922617971433 0.008055118110236115 0.004921352377508552
1 0.7447139107611548 0.31161815223286937 0.009543307086614087 0.006837823178448773
1 0.7324960629921261 0.32976315313686494 0.00877952755905507 0.007888266136322566
1 0.8212545931758529 0.29386729343699153 0.011451443569553835 0.006573856445489084
1 0.7899238845144356 0.3035436629904176 0.004774278215222992 0.0031892966913758584
1 0.8019763779527559 0.2986006147170494 0.011834645669291377 0.006573856445489084
1 0.7645643044619422 0.3530356174290364 0.008015748031496054 0.005521605496293611
1 0.7699081364829398 0.35145724100524317 0.008015748031496054 0.003945037063822123
1 0.7527296587926509 0.3302892786114627 0.012598425196850394 0.00841439161092026
1 0.7303963254593177 0.3581630808172121 0.006871391076115562 0.0063116977038509955
1 0.6914593175853019 0.3039920448381848 0.013742782152230884 0.0057855722292533
1 0.7210446194225723 0.2604700777436268 0.007254593175853104 0.003945037063822123
1 0.7414671916010498 0.2532381124570602 0.0061076115485565454 0.004733321280057826
2 0.5005275590551181 0.42332851202314237 0.014367454068241413 0.011876694991863966
2 0.5016771653543307 0.4132326884830953 0.02011286089238848 0.011480744892424516
1 0.4519685039370079 0.4090761164346412 0.01838845144356954 0.00870909419634787
1 0.44938320209973753 0.40254565178087137 0.013217847769028904 0.00672934369915029
1 0.2953700787401575 0.41521243898029286 0.014367454068241413 0.00672934369915029
2 0.29318635170603674 0.4078882661363225 0.012412073490813639 0.005839811968902582
1 0.34132545931758523 0.4000668956789008 0.012412073490813639 0.006465376966190602
1 0.3835616797900262 0.4082010486349666 0.01332020997375328 0.006465376966190602
1 0.3788687664041994 0.4175845235942867 0.010595800524934355 0.006047730970891307
1 0.39733595800524935 0.41675103959501 0.0093858267716536 0.005630084975592176
1 0.40308923884514436 0.40705297414572406 0.00877952755905507 0.005839811968902582
1 0.4295800524934383 0.39819020068703675 0.008477690288713959 0.003963116977038523
1 0.4380577427821522 0.39266317121677813 0.01332020997375328 0.005839811968902582
2 0.31892125984251973 0.43176640752124396 0.01725721784776903 0.006883022961489732
1 0.3425380577427822 0.44323811245706024 0.006356955380577375 0.004796600976315268
1 0.35086351706036745 0.4456355089495571 0.008477690288713959 0.0070909419634786214
2 0.36524409448818895 0.4582534803832942 0.012412073490813639 0.00896763695534268
1 0.3629501312335958 0.4997902730066896 0.006267716535433099 0.0037787018622309956
3 0.3642939632545932 0.49123666606400285 0.011934383202099686 0.006248418007593636
3 0.3609527559055118 0.48663352015910316 0.00811548556430448 0.0055903091665160136
3 0.3634278215223097 0.47921352377508586 0.007569553805774317 0.01001084794792983
3 0.3729632545931758 0.4810902187669499 0.015139107611548514 0.005839811968902582
3 0.3714514435695538 0.47671126378593376 0.009083989501312369 0.005422165973603287
1 0.44819947506561675 0.47952630627372994 0.0093858267716536 0.006047730970891307
2 0.437755905511811 0.4722274453082626 0.013926509186351691 0.005214246971614563
1 0.33118372703412075 0.5002766226722112 0.007871391076115428 0.004588681974326543
3 0.3069632545931759 0.4926649792080999 0.014532808398950103 0.005214246971614563
3 0.30544881889763786 0.4902657747242813 0.006661417322834674 0.004171035979027248
3 0.3093858267716536 0.4874507322364853 0.010293963254593124 0.004378954981016137
1 0.33617847769028875 0.5446989694449466 0.00877952755905507 0.00875971795335379
1 0.34813910761154854 0.544803832941602 0.010900262467191654 0.006465376966190602
1 0.5516666666666666 0.5450027119869825 0.009548556430446224 0.005919363587054743
2 0.5495879265091863 0.5343626830591214 0.0109606299212599 0.010504429578738088
2 0.5555459317585302 0.5279605857891881 0.015249343832021093 0.008862773458687478
1 0.5621679790026247 0.5453317664075211 0.006682414698162739 0.007233773277888306
1 0.5605485564304462 0.536987886458145 0.01191338582677174 0.0065648164888809256
3 0.20913123359580052 0.7309618513831133 0.007036745406824133 0.011119146628096184
3 0.21471916010498684 0.7338130536973423 0.007451443569553832 0.008267944313867214
1 0.21467716535433073 0.5414952088229977 0.00931758530183727 0.0078123305008136025
1 0.18733333333333327 0.529495570421262 0.013771653543307094 0.00613813053697339
2 0.18510761154855648 0.5200090399566082 0.014986876640419923 0.009486530464653815
2 0.20920734908136482 0.516382209365395 0.01053280839895016 0.0066967998553606875
1 0.21670078740157483 0.5149864400650878 0.006887139107611551 0.005581269209907772
1 0.22844881889763777 0.5056391249322002 0.01174803149606299 0.0069752305188934965
1 0.22014435695538057 0.5004773097089135 0.008102362204724382 0.004463930573133177
1 0.17457480314960633 0.5675845235942868 0.01174803149606299 0.0058596998734405815
1 0.19786614173228342 0.5569806544928584 0.007291338582677158 0.005301030555053283
1 0.1670813648293963 0.56325980835292 0.005671916010498662 0.005022599891520475
1 0.16991601049868768 0.5578177544747785 0.008910761154855656 0.0058596998734405815
1 0.20738582677165351 0.5289387090941964 0.006887139107611551 0.0066967998553606875
1 0.21690288713910763 0.5230790092207557 0.008102362204724382 0.00613813053697339
2 0.2345249343832021 0.5211263785933828 0.01417847769028871 0.010603869101428248
1 0.34612073490813644 0.4104899656481649 0.007291338582677218 0.008649430482733709
2 0.21589238845144362 0.10593021153498465 0.012556430446194203 0.011160730428493946
1 0.22986614173228345 0.11234858072681253 0.013771653543307094 0.0061381305369734305
1 0.22885301837270336 0.10495389622129814 0.014986876640419923 0.009208099801120966
1 0.6144015748031496 0.36606761887542943 0.00944356955380566 0.0057584523594286586
1 0.6129291338582677 0.35934731513288737 0.007120734908136511 0.004691737479660065
3 0.6235800524934384 0.35379858976676903 0.007456692913385789 0.009367203037425411
2 0.4549133858267716 0.659444946664256 0.007895013123359561 0.009669137588139498
3 0.46412598425196855 0.6712294340987163 0.008774278215223055 0.00423069969264141
3 0.46412598425196855 0.6671506056770928 0.008774278215223055 0.0033230880491773836
3 0.4610551181102362 0.6621641656120051 0.006141732283464591 0.008461399385282984
3 0.46872965879265094 0.6739486530464653 0.007456692913385789 0.007251853191104623
1 0.255992125984252 0.6226541312601699 0.014104986876640422 0.008231784487434415
1 0.26480839895013125 0.6184704393418912 0.009010498687664023 0.006881214970168216
2 0.2699658792650919 0.6108696438257096 0.017440944881889745 0.009779425058759745
2 0.296737532808399 0.6112890978123305 0.00851706036745402 0.010057855722292553
1 0.289490813648294 0.6238003977580907 0.009795275590551223 0.006747423612366608
3 0.3032257217847769 0.6136647984089677 0.007706036745406857 0.00810341710359785
3 0.30748556430446194 0.6094738745254022 0.009734908136482978 0.006984270475501738
1 0.3387637795275591 0.57517627915386 0.013228346456692937 0.007485084071596391
1 0.33498425196850395 0.5706201410233231 0.011338582677165306 0.008135960947387453
1 0.545223097112861 0.5614445850659917 0.010979002624671897 0.008549990960043385
1 0.3941312335958005 0.4900867835834388 0.009548556430446224 0.005919363587054743
1 0.39222047244094493 0.48350931115530643 0.010501312335958062 0.006577472428132365
1 0.4003359580052494 0.49600614717049357 0.008593175853018315 0.005919363587054743
1 0.7066745406824148 0.44145724100524314 0.012884514435695577 0.0061742903634061895
1 0.720958005249344 0.43701862231061284 0.0078425196850394 0.006559392514915882
1 0.7268398950131234 0.4395281142650515 0.007283464566929134 0.005402278069065288
1 0.7559711286089239 0.4229343699150244 0.01064304461942262 0.0061742903634061895
1 0.08116535433070861 0.620019887904538 0.009349081364829398 0.007767130717772562
1 0.06865354330708666 0.6598951365033449 0.009624671916010496 0.0064400650876875595
1 0.07332808398950134 0.654212619779425 0.009076115485564315 0.007197613451455505
1 0.01425984251968502 0.5178050985355269 0.004700787401574803 0.0036431025131078714
1 0.25432808398950124 0.6696130898571687 0.017826771653543325 0.007152413668414464
1 0.23797112860892392 0.6927553787741819 0.009404199475065598 0.00701681431929134
1 0.09947244094488183 0.662124389802929 0.008228346456692919 0.005668052793346657
1 0.30623884514435695 0.642220213342976 0.010383202099737518 0.006881214970168216
1 0.3067296587926509 0.6305478213704575 0.005876640419947473 0.004588681974326543
1 0.27509186351706033 0.5846682335924788 0.007640419947506595 0.003509311155306428
1 0.2828293963254593 0.5864219851744712 0.00509448818897634 0.0043174832760802945
1 0.23924409448818898 0.6088229976496112 0.008031496062992102 0.0043174832760802945
1 0.25011548556430446 0.6104411498824807 0.007052493438320181 0.0037787018622309956
1 0.4401338582677165 0.5157801482552883 0.004700787401574765 0.003912493220032603
1 0.4431706036745407 0.5201663352015911 0.0045065616797900455 0.0024281323449647967
1 0.3859685039370079 0.5247550171759175 0.005288713910761179 0.003509311155306428
1 0.36951443569553805 0.5065376966190562 0.006855643044619394 0.0043174832760802945
1 0.42015223097112864 0.5327156029651058 0.007052493438320181 0.0043174832760802945
2 0.39370603674540683 0.5783926957150606 0.01136220472440944 0.006611824263243484
1 0.4095748031496063 0.5826432833122401 0.011753280839895066 0.010254926776351519
1 0.39703674540682415 0.6093617790634606 0.004700787401574765 0.0032381124570601797
1 0.4226981627296588 0.5818351111914662 0.005876640419947473 0.0043174832760802945
2 0.4299475065616798 0.5742777074670041 0.005485564304461966 0.005937443500271225
2 0.43396325459317586 0.5707702043030194 0.006464566929133887 0.0043174832760802945
1 0.6494461942257219 0.322815042487796 0.011950131233595734 0.007691195082263598
1 0.6714855643044618 0.3338817573675646 0.005876640419947592 0.004993672030374235
1 0.6963622047244096 0.3400885915747604 0.007052493438320181 0.005532453444223451
1 0.6893333333333332 0.3785445669860784 0.007585301837270245 0.0034134876152594664
1 0.694286089238845 0.3752919905984451 0.005727034120734832 0.0033068161272825827
1 0.7098792650918636 0.37233954077020426 0.005876640419947592 0.0036431025131078714
1 0.7038845144356956 0.48209726993310426 0.006965879265091854 0.0032001446393056985
1 0.7114724409448819 0.48028385463749773 0.007895013123359561 0.005545109383474973
1 0.589475065616798 0.47116615440245896 0.006656167979002539 0.0065051527752666
1 0.6636325459317585 0.4671126378593383 0.006965879265091854 0.0047984089676369485
1 0.6718372703412073 0.4968143192912674 0.006036745406824147 0.004051708551798925
1 0.6807401574803149 0.49174832760802745 0.004645669291338535 0.0033068161272825827
1 0.6761732283464568 0.4833773277888267 0.005417322834645755 0.0036268305912132343
1 0.68251968503937 0.48007051166154413 0.006965879265091854 0.0034134876152594664
1 0.5611417322834645 0.41053878141384914 0.006346456692913462 0.005118423431567601
1 0.5934225721784777 0.43426685951907434 0.005265091863517165 0.002666787199421443
1 0.598994750656168 0.3877689387090942 0.00650131233595812 0.0052250949195443205
1 0.6324356955380577 0.3981142650515278 0.008049868766404218 0.005438437895498089
1 0.5971391076115486 0.3771054058940518 0.008359580052493534 0.006078466823359228
1 0.6935905511811024 0.39859338275176276 0.00495538057742785 0.003838365575845157
1 0.6747007874015747 0.397154221659736 0.006811023622047196 0.0035201591032363506
1 0.7396482939632547 0.3495371542216597 0.008514435695537953 0.005118423431567518
1 0.834475065616798 0.3867564635689748 0.006811023622047196 0.004905080455613833
1 0.8278950131233596 0.3579081540408606 0.006656167979002539 0.0030934731513288967
1 0.8379580052493438 0.351882118965829 0.007585301837270245 0.0029868016633520125
1 0.84902624671916 0.3509763153136865 0.006811023622047196 0.0033068161272825827
1 0.8743412073490813 0.3884089676369553 0.0072755905511811695 0.003945037063822041
1 0.919779527559055 0.2585138311336106 0.005265091863517165 0.003520159103236268
1 0.9270551181102362 0.2538220936539504 0.006191601049868805 0.003520159103236268
1 0.9099475065616797 0.26832580003615986 0.004800524934383193 0.003520159103236268
1 0.6035118110236221 0.26602061110106673 0.008236220472440974 0.00453805821732054
1 0.528262467191601 0.2964418730790092 0.0076167979002624625 0.005246790815404083
1 0.5341312335958005 0.29686675103959503 0.008645669291338537 0.004397034894232537
1 0.5326666666666666 0.3666154402458868 0.007522309711286051 0.0069752305188934965
1 0.5324514435695538 0.3584957512203942 0.0041942257217847815 0.0030880491773639354
1 0.5362834645669291 0.361932742722835 0.005496062992125939 0.0035870547821370722
1 0.4630918635170604 0.386942686675104 0.008968503937007892 0.00577834026396674
1 0.3798451443569554 0.3556065810884107 0.012585301837270293 0.006078466823359228
1 0.38787401574803154 0.3458416199602243 0.004918635170603617 0.00448381847767134
1 0.4348845144356955 0.34658832037606213 0.0046299212598424865 0.0035870547821370722
1 0.41275328083989504 0.3337353100705117 0.0072335958005249204 0.0049828240824443945
1 0.46685301837270343 0.40403182064726084 0.0072335958005249204 0.004086060386910209
1 0.44804724409448815 0.46252033990236846 0.004918635170603617 0.0038853733502078797
1 0.407257217847769 0.4541005243174833 0.007811023622047301 0.0037859338275175554
1 0.4143438320209974 0.4334749593201953 0.006942257217847721 0.004782137045742148
1 0.3689265091863517 0.42600253118785036 0.005207349081364868 0.0033881757367564243
1 0.7698897637795274 0.30942325076839633 0.004629921259842605 0.0037859338275176378
1 0.7734330708661417 0.3027969625745797 0.005351706036745492 0.003686494304827314
1 0.7931784776902888 0.3213288736214067 0.005496062992125879 0.004086060386910126
1 0.7952047244094487 0.33498101609112274 0.004918635170603617 0.0030880491773639354
1 0.878230971128609 0.3050388718134153 0.00665354330708671 0.0037859338275176378
1 0.6388398950131232 0.4618224552522148 0.00578477690288713 0.00448381847767134
1 0.583511811023622 0.6970728620502622 0.007377952755905426 0.005480021695895932
1 0.5823543307086614 0.6217953353823901 0.006797900262467096 0.003984812872898203
1 0.5678897637795275 0.5952901826071235 0.006797900262467096 0.0035870547821370722
1 0.546771653543307 0.5806924606761888 0.006220472440944834 0.004284939432290692
1 0.8630446194225722 0.7211860423069969 0.006364829396325459 0.004682697523051824
1 0.8380918635170604 0.7191936358705477 0.006797900262467096 0.004284939432290692
1 0.7185406824146983 0.821972518531911 0.006076115485564209 0.00378593382751772
1 0.7126824146981626 0.8173386367745434 0.007666666666666676 0.004483818477671176
1 0.7070419947506561 0.8730374254203581 0.006797900262467096 0.0038853733502078797
1 0.5729527559055118 0.8955071415657205 0.01027034120734911 0.007372988609654792
1 0.5377296587926509 0.9046230338094378 0.00665354330708665 0.004483818477671176
1 0.5466246719160105 0.9048725366118243 0.0036167979002624004 0.00378593382751772
1 0.5495196850393701 0.8981468088953173 0.005931758530183823 0.0034876152594469126
1 0.008958005249343861 0.8716181522328693 0.007309711286089238 0.005581269209907937
1 0.019603674540682427 0.8746284577834026 0.005083989501312337 0.004597721930934784
1 0.027627296587926505 0.8732598083529199 0.007149606299212601 0.004487434460314538
1 0.03684251968503934 0.881468088953173 0.006514435695538056 0.0038311336105587616
1 0.05765879265091865 0.882507683963117 0.005561679790026246 0.004597721930934784
1 0.028818897637795264 0.9694142108117881 0.010167979002624674 0.004597721930934784
1 0.033427821522309685 0.9645977219309346 0.006036745406824147 0.004597721930934784
1 0.05948556430446191 0.9656915566805279 0.0066745406824147 0.0050352558307720785
1 0.06933595800524936 0.9586873983004881 0.009215223097112864 0.004158380039775809
1 0.10333858267716531 0.9587958777797867 0.008580052493438335 0.0052540227806905605
1 0.11366666666666671 0.9529416018803111 0.006356955380577435 0.00361236666063995
1 0.0822860892388452 0.8926866751039595 0.007784776902887131 0.004816488880853267
1 0.11994488188976372 0.9007322364852648 0.007467191601049881 0.006020611101066583
1 0.14250656167978998 0.9010612909058038 0.009375328083989509 0.006239378050985395
1 0.11457217847769029 0.5830790092207557 0.007545931758530184 0.005197975049719761
1 0.1258923884514436 0.5831657928041944 0.00905511811023622 0.003984812872898203
1 0.1794015748031496 0.5409347315132887 0.005406824146981603 0.00476405713252583
1 0.18656955380577425 0.5503778701862232 0.0041496062992125845 0.005977219309347388
1 0.250517060367454 0.6305514373531007 0.00578477690288713 0.003465919363587068
1 0.17053543307086608 0.6732580003615982 0.00578477690288713 0.004677273549086944
1 0.21729921259842516 0.461544024588682 0.0043149606299212745 0.005002711986982476
1 0.2231391076115485 0.46835834387994935 0.005472440944881866 0.005002711986982476
1 0.29233333333333333 0.5195371542216598 0.005367454068241422 0.004422346772735498
1 0.29596325459317585 0.5072138853733501 0.0046299212598424865 0.004422346772735498
1 0.3323228346456693 0.5081196890254926 0.0070498687664042325 0.0036250225998915534
1 0.3222729658792651 0.4920629180979932 0.005892388451443522 0.003986620864219885
1 0.28686089238845147 0.5346881214970167 0.004524934383202043 0.003116977038510176
1 0.3004356955380577 0.5523395407702043 0.0030524934383202385 0.0033339359971071413
1 0.302750656167979 0.5412113541854998 0.003895013123359618 0.003986620864219885
1 0.29427821522309705 0.6290001807991321 0.011364829396325507 0.006161634424154751
1 0.34163517060367454 0.49847767130717774 0.00505249343832021 0.0026089314771289623
1 0.3302178477690289 0.410943771469897 0.010839895013123407 0.005002711986982476
1 0.29359580052493434 0.3949231603688302 0.008102362204724382 0.0065973603326703635
1 0.8572834645669292 0.22020791900198874 0.0053412073490814605 0.004165612005062369
1 0.7941417322834646 0.18743807629723375 0.004435695538057647 0.003610558669318351
1 0.7910656167979002 0.17160911227626108 0.005139107611548537 0.003610558669318392
1 0.9034488188976378 0.33267401916470807 0.006146981627296607 0.004718857349484706
1 0.7477900262467191 0.3164888808533719 0.006383202099737456 0.004921352377508552
1 0.7359317585301837 0.3081124570602061 0.005776902887139165 0.004921352377508552
1 0.5941968503937007 0.35652684867112633 0.010152230971128686 0.007597179533538236
1 0.5478845144356955 0.3454745977219309 0.006769028871391067 0.005179895136503361
3 0.5509553805774278 0.3425818116073042 0.008897637795275495 0.0035400470077743495