3 0.011986364473926654 0.039485385572139306 0.01235304956697992 0.008437499999999997
3 0.019097107057306082 0.04968594527363184 0.0051243781094527366 0.007566853233830839
3 0.015894601068730422 0.04633550995024875 0.004355997788833607 0.00475590796019901
3 0.020506725631103735 0.042985074626865676 0.0048682513359130306 0.008431281094527366
3 0.024221485166758806 0.0464443407960199 0.005636631656532152 0.007999067164179112
3 0.03139672010318778 0.04190453980099502 0.0066611387506909855 0.011458333333333336
3 0.03959461949511703 0.032824937810945275 0.0051243781094527366 0.0058364427860696545
3 0.040748111295375 0.025041977611940297 0.009992629445365768 0.007566853233830848
4 0.03652109821264051 0.02017723880597015 0.006148885203611573 0.0069185323383084574
4 0.03857011240095816 0.017367848258706468 0.008199742030587803 0.0069185323383084574
4 0.015382347521651008 0.026663557213930347 0.005892758430071861 0.009944029850746265
2 0.02191634420490143 0.036714863184079606 0.007173392297770409 0.0058364427860696545
4 0.021404090657822016 0.029797885572139304 0.006661138750690988 0.007134639303482585
4 0.019482218536944908 0.026663557213930347 0.007429519071310115 0.0069185323383084574
4 0.03613598673300164 0.03930970149253731 0.0048682513359130306 0.0101601368159204
2 0.04305509489589093 0.05076803482587065 0.018190528837295012 0.011890547263681595
2 0.033830845771144265 0.07843905472636815 0.014092500460659668 0.012754975124378103
1 0.04574534733738714 0.07714241293532338 0.008199742030587803 0.007999067164179112
1 0.05625023032983232 0.12199937810945274 0.011273263313064299 0.011674440298507449
3 0.055260733370186124 0.2665096393034826 0.006045697438732255 0.008401741293532333
3 0.06023954302561269 0.26770988805970153 0.005334438916528477 0.009601990049751277
3 0.06397272894785334 0.2692101990049751 0.0028450340888151932 0.01020211442786068
2 0.07034088815183343 0.2669511815920398 0.008199742030587803 0.009295708955223875
2 0.08007739082365947 0.29127176616915423 0.014348627234199374 0.009079601990049766
2 0.08468951538603278 0.2712748756218905 0.012810023954302557 0.007566853233830857
2 0.07456974387322647 0.47470304726368157 0.014092500460659668 0.011458333333333305
2 0.063167495854063 0.48853855721393036 0.015373134328358221 0.012754975124378103
1 0.13247466371844482 0.009692164179104477 0.009992629445365768 0.009295708955223879
2 0.13093606043854802 0.06298196517412935 0.012041643633683418 0.009944029850746274
2 0.1354210429334807 0.06903451492537313 0.012810023954302557 0.010808457711442784
2 0.1423383084577114 0.06092817164179104 0.010761009765984908 0.0101601368159204
3 0.14297954671088997 0.041688432835820896 0.009480375898286354 0.01102456467661691
4 0.11569191081628895 0.02644745024875622 0.010248756218905452 0.014267723880597011
3 0.11966279712548367 0.03758084577114428 0.008455868804127529 0.009727922885572143
3 0.1246600331674959 0.033796641791044774 0.007173392297770419 0.011242226368159204
3 0.15258706467661695 0.04893034825870647 0.005636631656532139 0.006052549751243774
3 0.15117744610281925 0.04276896766169154 0.005892758430071867 0.007134639303482585
2 0.1502819237147595 0.0560634328358209 0.010248756218905452 0.009944029850746274
3 0.15668693569191083 0.05033582089552239 0.005636631656532139 0.005836442786069646
3 0.1587359498802285 0.04601212686567164 0.00973650267182604 0.004539800995024883
3 0.12709415883545233 0.04049906716417911 0.005380504882992454 0.007782960199004971
3 0.12978441127694862 0.03628264925373134 0.007685645844849832 0.007999067164179106
2 0.1328579325594251 0.025690298507462687 0.008711995577667215 0.00886349502487562
2 0.12176893311221672 0.17840174129353234 0.012962962962962947 0.011290422885572122
2 0.12344204901418833 0.21086131840796019 0.010455131748664089 0.011996268656716396
2 0.21251151649161604 0.1468221393034826 0.012962962962962947 0.010231654228855714
3 0.21251151649161604 0.13958955223880598 0.013799520913948751 0.005645211442786061
4 0.21983047724341256 0.12706467661691542 0.010871568085498435 0.014466728855721386
4 0.2304938271604938 0.12177238805970149 0.011289847060991336 0.013760883084577112
3 0.23802100608070753 0.12935789800995023 0.007108899944720827 0.01199626865671643
3 0.23948406117560345 0.12194807213930349 0.008363736871199534 0.01411380597014925
3 0.24575640316933844 0.128476368159204 0.00920029482218534 0.01587686567164181
4 0.25014741109268473 0.12071361940298507 0.017145752717892055 0.017288557213930356
2 0.22463976414225167 0.1524689054726368 0.008782015846692437 0.008821517412935324
4 0.23718444812972173 0.13870802238805968 0.012126405011977141 0.011643345771144294
4 0.22840243228302928 0.13306281094527364 0.009618573797678241 0.008115671641791052
1 0.11587433204348625 0.23393190298507463 0.010379583563663152 0.008193407960198977
2 0.12558503777409252 0.24622046019900498 0.012388059701492541 0.011299751243781068
2 0.11872120877096005 0.200029539800995 0.012054542104293362 0.009888059701492523
3 0.1364676616915423 0.1549689054726368 0.008035747189976027 0.008474813432835838
3 0.13897733554449973 0.15228544776119404 0.0077003869541182905 0.008193407960199012
3 0.12441311958724895 0.14734141791044778 0.005356550580431166 0.008474813432835819
3 0.12307352128247652 0.14211598258706468 0.0033480744426018193 0.007627487562189046
3 0.12960383268840983 0.14494092039800996 0.006362631288004418 0.007627487562189046
3 0.13546158098396907 0.14239738805970148 0.006696148885203597 0.009322139303482593
3 0.1424930901050304 0.14423351990049751 0.010044223327805416 0.006780161691542273
2 0.1257527178920214 0.13406405472636815 0.008704625023032984 0.0062157960199005005
2 0.1356292611018979 0.13420553482587066 0.008371107425833805 0.005932835820895535
3 0.1347927031509121 0.12926150497512437 0.008704625023032984 0.004519589552238796
1 0.13921135065413673 0.0013215174129353234 0.009765984890363 0.002643034825870647
1 0.23440390639395617 0.16146766169154228 0.0056919108162889025 0.008474813432835838
3 0.15287267366869356 0.2198056592039801 0.008704625023032984 0.005368470149253762
3 0.15203611571770775 0.21161380597014923 0.009710705730606237 0.007627487562189046
3 0.15889994472084024 0.22517412935323383 0.007366869356919111 0.011018345771144262
3 0.1677740925004607 0.2278575870646766 0.009039985258890722 0.01186567164179107
3 0.1652625760088447 0.22093594527363183 0.008704625023032984 0.009888059701492523
3 0.15928505620047909 0.21444807213930348 0.009246360788649358 0.008701803482587034
3 0.1669356919108163 0.21231965174129355 0.007366869356919111 0.010171019900497524
3 0.05330385111479638 0.26395833333333335 0.009246360788649337 0.008101679104477632
4 0.05383821632577852 0.2554073383084577 0.006756955960936053 0.00780161691542286
4 0.05810576745900128 0.2566075870646766 0.006045697438732255 0.007201492537313458
4 0.06877464529205823 0.2539070273631841 0.007468214483139851 0.008401741293532333
3 0.0545494748479823 0.2488059701492537 0.008890731527547447 0.00780161691542286
3 0.06699649898654872 0.24715485074626867 0.008179473005343649 0.008701803482587034
4 0.07161967938087342 0.25570740049751245 0.005334438916528477 0.009001865671641806
3 0.07482034273079048 0.2488059701492537 0.008890731527547447 0.008401741293532333
3 0.05117007554818501 0.4680068407960199 0.004978809655426568 0.008701803482587105
3 0.05472636815920398 0.46590640547263684 0.005690068177630366 0.006901430348258757
3 0.07108531416989128 0.46140547263681597 0.00853510226644556 0.006901430348258757
3 0.0765984890363 0.4584048507462687 0.008179473005343649 0.0063013059701492145
3 0.07606412382531785 0.46140547263681597 0.007112585222037963 0.005101057213930411
3 0.08086604016952274 0.458104788557214 0.008179473005343649 0.0063013059701492145
3 0.07784227013082735 0.4509032960199005 0.009246360788649337 0.0063013059701492145
3 0.04992445181499909 0.4653062810945274 0.006756955960936058 0.0063013059701492145
3 0.048680670720471726 0.4617055348258707 0.009957619310853141 0.007501554726368159
3 0.06681039248203426 0.47818874378109455 0.005102266445550038 0.005065298507462675
2 0.0656845402616547 0.47249067164179104 0.007353970886309189 0.005824004975124384
2 0.0659093421779989 0.4517257462686567 0.01110558319513543 0.005824004975124384
4 0.057956513727658004 0.4536878109452736 0.007503224617652483 0.0059514925373133935
3 0.05600515938824398 0.47046486318407965 0.003302008476137822 0.006077425373134351
3 0.05810576745900128 0.4682493781094528 0.004201216141514641 0.0072170398009950365
3 0.061258522203795844 0.4656529850746269 0.004201216141514641 0.007849813432835787
3 0.005942509673852957 0.6743314676616916 0.006909894969596462 0.007287002487562313
3 0.012786069651741313 0.6739396766169153 0.004916159941035564 0.006951181592039665
3 0.018498249493274388 0.6736023009950248 0.005181499907868068 0.006501865671641746
3 0.009596462133775553 0.6816744402985074 0.007042564953012714 0.008969216417910528
3 0.015509489589091593 0.6815065298507462 0.006112032430440393 0.008631840796019969
3 0.020558319513543383 0.6772465796019901 0.0045181499907868084 0.006389925373134385
4 0.02295006449235304 0.6852611940298508 0.006642712364105401 0.007846703980099401
3 0.027932559425096724 0.686046330845771 0.004916159941035564 0.005604788557213817
2 0.02540814446287085 0.6762935323383085 0.004118297401879493 0.006501865671641746
4 0.006725631103740556 0.6675217661691543 0.013451262207481112 0.005441542288557214
4 0.009463792150359297 0.667100435323383 0.010230329832319885 0.005830223880597015
3 0.993615257048093 0.39584421641791045 0.009635157545605467 0.006097636815920438
3 0.9901732080339045 0.3970055970149254 0.008258706467661638 0.004354788557213964
2 0.9887967569559609 0.3923600746268657 0.010324304403906515 0.007259017412935261
2 0.8850451446471348 0.28623600746268657 0.011356182052699318 0.010452425373134332
4 0.8492555739819421 0.21437344527363184 0.009979730974755824 0.011323072139303472
4 0.8547613782937166 0.22105254975124378 0.006537681960567452 0.00958177860696519
4 0.8602671826054911 0.21858364427860696 0.005850377740925005 0.010452425373134332
4 0.8609563294637921 0.2113261815920398 0.010667035194398272 0.007549751243781086
4 0.865257048092869 0.2209064054726368 0.008947853325962684 0.011613805970149226
4 0.8662907683803206 0.21422885572139305 0.0068822553897181435 0.008711131840796051
4 0.8724838769117377 0.21408426616915424 0.00757140224801919 0.012484452736318437
4 0.8696351575456054 0.22574782338308458 0.007226828818868499 0.010743159203980085
4 0.8840132669983416 0.2288914800995025 0.00860327989681233 0.010161691542288577
4 0.8864363368343467 0.2235525497512438 0.012015846692463448 0.009227300995024862
4 0.8860770222959278 0.33124067164179105 0.007914133038511281 0.00871113184079598
4 0.8974332043486272 0.34024098258706464 0.005850377740925005 0.006968283582089507
4 0.8919274000368528 0.337773631840796 0.007914133038511281 0.009000310945273683
4 0.893819789939193 0.33167599502487566 0.009635157545605467 0.00958177860696519
4 0.9003574718997605 0.34038712686567163 0.004129353233830819 0.004354788557213964
4 0.8982937166021743 0.33617692786069653 0.0034420490141883714 0.00871113184079598
4 0.9034549474847983 0.33617692786069653 0.0068822553897181435 0.008129664179104473
4 0.905863276211535 0.3302238805970149 0.009635157545605467 0.00958177860696519
4 0.9022517044407592 0.33138526119402983 0.009979730974755824 0.008420398009950225
4 0.8898618021006081 0.3669542910447761 0.007914133038511281 0.01277518656716419
4 0.8953676064123826 0.3685509950248756 0.006537681960567452 0.005516169154228788
4 0.8964013266998342 0.3580985696517413 0.010667035194398272 0.009000310945273683
4 0.8976045697438733 0.36535758706467664 0.008947853325962684 0.006677549751243753
4 0.9014280449603833 0.3632929104477612 0.010667035194398272 0.00871113184079598
3 0.8330827344757694 0.4258955223880597 0.006537681960567452 0.006968283582089507
3 0.8322222222222223 0.4221206467661691 0.005505804311774313 0.0034841417910447536
3 0.8311903445734291 0.41979788557213926 0.008947853325962684 0.0052269900497512265
3 0.8401363552607334 0.4224113805970149 0.004818500092131866 0.005806902985074683
3 0.8396204164363368 0.4196532960199005 0.005161230882623958 0.006097636815920438
3 0.9526644555002763 0.6641293532338309 0.011011608623548962 0.0136458333333334
3 0.9223161967938087 0.6539816542288557 0.009979730974755824 0.010743159203980156
3 0.9278883360972913 0.6647092661691542 0.008258706467661638 0.0072590174129354024
3 0.9285756403169338 0.6591930970149255 0.0068822553897181435 0.00958177860696505
3 0.9347705914870094 0.660499067164179 0.00757140224801919 0.013356654228855699
3 0.9378680670720473 0.656288868159204 0.008258706467661638 0.012484452736318295
4 0.9530090289294268 0.6513526119402985 0.012388059701492456 0.012484452736318295
4 0.9609231619679381 0.6528047263681592 0.009635157545605467 0.011904539800994979
3 0.8934162520729685 0.5371828358208955 0.011186659296111871 0.016781716417910385
3 0.9025317855168601 0.5446983830845771 0.012845034088815023 0.015032649253731281
3 0.9037755666113875 0.53630907960199 0.013674221485166598 0.01852922885572144
4 0.8478385848535103 0.553613184079602 0.010359314538418896 0.017479788557213976
4 0.8540538050488299 0.553613184079602 0.011186659296111871 0.017479788557213976
4 0.8602690252441497 0.5529151119402985 0.009530127142067319 0.016082089552238745
4 0.8726994656347891 0.553613184079602 0.012015846692463448 0.015382462686567101
4 0.8780854984337572 0.5541386815920397 0.009530127142067319 0.012235696517412907
4 0.7278864934586328 0.588398631840796 0.010772065597936252 0.016431902985074565
4 0.7401381978993918 0.5893112562189055 0.01657453473373868 0.017829601990049796
4 0.7148332412014003 0.6469574004975124 0.008700939745715912 0.012585509950248869
3 0.7057177077575089 0.6425870646766169 0.009530127142067487 0.010837997512437676
4 0.7187709600147412 0.6385680970149255 0.014086972544683954 0.016781716417910455
4 0.7295430256126773 0.6321299751243781 0.01657453473373868 0.013697139303482573
3 0.6580689146858302 0.654824315920398 0.007871752349364337 0.011537624378109316
3 0.6630403537866224 0.6556980721393034 0.007044407591671193 0.011885883084577227
4 0.5814556845402618 0.7817257462686568 0.011328542472821 0.014670398009950339
4 0.5757914133038511 0.7760572139303483 0.008430071862907684 0.01178171641791055
4 0.5885701124009581 0.7788355099502487 0.007112585222038025 0.013337997512437947
4 0.5918629076838032 0.7785027985074626 0.006322093237516197 0.010003109452736341
4 0.6093827160493827 0.7681654228855722 0.013963515754560485 0.010225435323383152
3 0.6257158651188502 0.757607276119403 0.003425465266261313 0.0068905472636815466
3 0.6299318223696334 0.756717972636816 0.0050064492353049704 0.009113805970149378
3 0.6344112769485903 0.755273631840796 0.0050064492353049704 0.009780783582089529
3 0.6380983969043671 0.7543843283582089 0.007112585222038025 0.006223569651741395
3 0.6387580615441312 0.7517164179104477 0.006322093237516197 0.00800217661691532
3 0.10153676064123825 0.7710836442786069 0.007904919845218369 0.0050031094527363635
3 0.10302008476137828 0.7794900497512438 0.0039524599226091845 0.006809701492537201
3 0.10705546342362258 0.7802549751243781 0.004118297401879475 0.00472481343283573
3 0.11034825870646768 0.7817832711442787 0.004118297401879475 0.00444651741293538
3 0.11141883176709048 0.7776834577114429 0.0049401142435968205 0.007643034825870624
3 0.11594803758982863 0.777891791044776 0.007411092684724531 0.00861629353233832
3 0.10145568454026163 0.7756685323383086 0.00247097844112771 0.0038914800995025894
3 0.10730237700386953 0.7751134950248756 0.004612124562373313 0.007226368159203913
2 0.11166574534733743 0.768163868159204 0.009058411645476338 0.006393034825870771
3 0.1380007370554634 0.8286240671641791 0.0045642159572507794 0.004749689054726255
3 0.14172839506172838 0.830293843283582 0.005021190344573429 0.0032089552238805065
3 0.13762115349180024 0.8260572139303483 0.003195135433941389 0.005264303482587155
3 0.14172839506172838 0.826826803482587 0.004717154965911168 0.005520833333333367
3 0.1457600884466556 0.8243874378109453 0.0027381610466187395 0.008087686567164246
3 0.1352625760088447 0.8242599502487563 0.005174129353233818 0.0032089552238805065
3 0.1370886309194767 0.820087064676617 0.005174129353233818 0.0030814676616914972
2 0.141529390086604 0.8167257462686568 0.006344204901418843 0.005982587064676549
3 0.20831951354339417 0.7560276741293533 0.0064086972544684356 0.009462064676617006
4 0.21358393219089736 0.7517801616915423 0.006865671641791085 0.011778606965174163
4 0.21816104661875807 0.7543858830845771 0.004577114427860724 0.009654850746268713
3 0.22216694306246543 0.7505239427860696 0.006178367422148554 0.011585820895522457
4 0.20271236410539892 0.7532276119402985 0.011214298875990441 0.008109452736318386
4 0.204429703335176 0.7472419154228856 0.011442786069651725 0.0061784825870646425
5 0.6428450340888152 0.165478855721393 0.005925925925925899 0.005909514925373168
5 0.649205822738161 0.1672108208955224 0.011603095632946427 0.006333955223880563
5 0.6617689331122167 0.16002332089552238 0.013604201216141502 0.00727300995024877
5 0.6647908605122534 0.1587655472636816 0.00910079233462324 0.007870024875621873
4 0.6745642159572507 0.1520055970149254 0.010193477059148647 0.006937189054726351
4 0.6870130827344758 0.15526741293532337 0.00474663718444817 0.00893501243781095
4 0.6890326147042565 0.14881529850746267 0.00822185369449049 0.00943407960199006
4 0.6746895153860328 0.15811878109452737 0.0038345310484614705 0.00785758706467661
4 0.6798009950248756 0.15927394278606966 0.006025428413488082 0.007394278606965165
4 0.6807149437995209 0.15380441542288556 0.006390270867882862 0.008165422885572137
4 0.6849216878570112 0.14812189054726368 0.00526073337018614 0.009710820895522394
4 0.6946231803943247 0.14576337064676617 0.009535655058043118 0.009989116915422886
4 0.7020213746084393 0.1625497512437811 0.009207665376819652 0.00915578358208955
4 0.6982402800810762 0.15464241293532338 0.007564031693384961 0.007768967661691547
4 0.7028431914501566 0.15353233830845772 0.007564031693384961 0.006658893034825859
4 0.7002137460843929 0.14853855721393033 0.00822185369449049 0.008324004975124373
4 0.6723143541551501 0.17121424129353233 0.005660585959093469 0.005391791044776094
4 0.6775234936428967 0.16782182835820897 0.00822185369449049 0.00638215174129356
4 0.6813543394140409 0.17090485074626866 0.005478164731895995 0.004468283582089518
4 0.6862833978256864 0.16643812189054727 0.006207849640685388 0.0063168532338308625
4 0.6894785332596278 0.16551305970149252 0.005660585959093469 0.006624689054726388
3 0.662728947853326 0.165898631840796 0.008033904551317554 0.003081467661691568
4 0.6371660217431361 0.17244558457711445 0.007304219642528161 0.00785758706467661
4 0.644835083840059 0.17360230099502486 0.005113322277501382 0.006162935323383065
4 0.6431914501566244 0.16967350746268656 0.006207849640685388 0.007549751243781086
4 0.6261194029850746 0.18700559701492536 0.007121798415330687 0.005855099502487539
4 0.6314151464897733 0.18423196517412935 0.007486640869725467 0.007394278606965165
4 0.623928505620048 0.1848476368159204 0.007851483324120079 0.005545708955223892
4 0.6272139303482588 0.1812282338308458 0.008581168232909473 0.005083955223880569
4 0.7023512069283213 0.23730565920398008 0.00438179473005339 0.006624689054726388
4 0.7044518149990787 0.23384017412935323 0.006390270867882862 0.008627176616915389
4 0.70572876358946 0.237461131840796 0.004199373502856083 0.0047761194029850434
4 0.7084687672747374 0.235380907960199 0.007121798415330687 0.005855099502487539
4 0.7083766353418094 0.23137437810945274 0.005843007186290775 0.0067786069651741155
4 0.6231066887783306 0.2386162935323383 0.005843007186290775 0.006162935323383065
4 0.6233812419384559 0.23314676616915422 0.006755113322277475 0.005391791044776094
4 0.6252054542104293 0.24716573383084578 0.004930901050304076 0.007549751243781086
4 0.6295890915791413 0.2489381218905473 0.004930901050304076 0.00708644278606964
4 0.6308660401695227 0.24446983830845773 0.0052957435046986885 0.007394278606965165
4 0.6252975861433573 0.24331467661691542 0.005843007186290775 0.0038510572139303454
4 0.6302284871936613 0.23276119402985074 0.006572692095080168 0.005855099502487539
4 0.6267587985995946 0.22860230099502485 0.0069393771881333804 0.004622201492537316
5 0.7604532891100054 0.24034514925373135 0.008417173392297824 0.01055659203980101
4 0.7677372397272895 0.23751243781094528 0.008594066703519332 0.010082400497512424
4 0.7368159203980099 0.24096082089552237 0.007547447945457903 0.007075559701492571
4 0.7423714759535656 0.24228855721393036 0.0069172655242306915 0.006898320895522371
4 0.7500221116639026 0.2360976368159204 0.007965726920950721 0.010082400497512424
3 0.7520140040538051 0.24149253731343284 0.004822185369449065 0.008490360696517433
4 0.754320987654321 0.23698227611940298 0.006917265524230776 0.01043532338308456
3 0.7471936613230147 0.2452067786069652 0.00398378477980466 0.008490360696517433
4 0.7572563110374055 0.24113805970149255 0.0073373871383821095 0.008490360696517433
3 0.7424765063571034 0.23326648009950246 0.005450525152017676 0.004421641791044785
5 0.7246213377556662 0.2760478855721393 0.008645660585959107 0.007486007462686581
5 0.7375898286346046 0.27384017412935324 0.008190528837294974 0.005374689054726394
5 0.752603648424544 0.2664505597014925 0.01091947669062101 0.006717972636815926
4 0.7549493274368896 0.2622745646766169 0.011529390086603964 0.0076057213930348375
3 0.7330329832319882 0.26580223880597015 0.007376082550211857 0.007534203980099508
3 0.7295393403353603 0.26744092039801 0.005822738161046686 0.008188743781094538
5 0.748737792518887 0.29015702736318405 0.011374608439284976 0.008829291044776113
5 0.7445273631840796 0.2776787935323383 0.007506909894969556 0.003838619402985083
4 0.7458301087156808 0.2678467039800995 0.011739450893679755 0.008135883084577102
4 0.7736060438548 0.2737717661691542 0.0060788649345862875 0.011497201492537286
4 0.778428229224249 0.2742148631840796 0.005660585959093301 0.009197761194029827
4 0.7816786438179473 0.2737717661691542 0.007547447945457735 0.009020522388059699
4 0.7558927584300718 0.2815547263681592 0.005450525152017676 0.008313121890547233
4 0.7599797309747558 0.2777518656716418 0.0060788649345862875 0.008490360696517433
3 0.727906762483877 0.284297263681592 0.009852588907315322 0.0049533582089552435
3 0.7184761378293717 0.3172279228855721 0.006987285793255956 0.010808457711442818
3 0.7415330753639212 0.3144542910447761 0.004822185369449065 0.006190920398009976
4 0.7415330753639212 0.31127021144278605 0.009014188317670918 0.0076057213930348375
4 0.7481370923161969 0.31127021144278605 0.0067090473558134986 0.007251243781094508
4 0.7021208770960015 0.3543407960199005 0.0085940667035195 0.006368159203980105
4 0.7020176893311222 0.3492117537313433 0.010062649714390947 0.006721082089552171
4 0.7127086788280818 0.347353855721393 0.008385848535102308 0.008313121890547304
4 0.7039027086788281 0.3463805970149254 0.009224249124746712 0.006013681592039846
4 0.7082015846692463 0.34231343283582094 0.009014188317670918 0.006013681592039846
1 0.603025612677354 0.0853047263681592 0.00962225907499544 0.010525497512437818
4 0.25534549474847984 0.24942630597014925 0.010567532706836172 0.013258706467661722
3 0.25019716233646583 0.2628000621890547 0.011651004238068918 0.010287624378109464
3 0.2590031324857196 0.26680037313432836 0.008127879122904021 0.01005907960199002
4 0.27607333701861064 0.2665718283582089 0.009753086419753056 0.01097325870646765
4 0.2806780910263497 0.2584561567164179 0.009753086419753056 0.01303016169154228
4 0.2894840611756035 0.25205534825870646 0.015443154597383444 0.01394434079601991
3 0.2596812235120693 0.2605130597014925 0.0067735397088631326 0.011201803482587093
4 0.2669964989865487 0.26028451492537313 0.010023954302561285 0.013487251243781095
4 0.28325225723235675 0.26520055970149253 0.0062318039432467595 0.008229166666666642
4 0.28894232540998716 0.2605130597014925 0.0056900681776303865 0.012115982587064651
4 0.29341256679565136 0.2599424751243781 0.006502671826054904 0.007314987562189083
3 0.3018113138013635 0.4048771766169154 0.005960936060438531 0.006400808457711454
3 0.3075013819789939 0.4070491293532338 0.005960936060438531 0.005258084577114383
4 0.3070960014741109 0.40099191542288554 0.0067735397088631326 0.010516169154228906
4 0.31142988759904183 0.3958473258706468 0.009482218536944911 0.009830534825870579
4 0.29910263497328177 0.398134328358209 0.011921872120877062 0.009830534825870579
4 0.313869541182974 0.403163868159204 0.0073152754744794215 0.010287624378109464
4 0.3883711074258338 0.3358037935323383 0.010545421042933401 0.010412002487562229
4 0.3933075363921135 0.33892723880597014 0.00785332596277868 0.009085820895522326
4 0.39925373134328357 0.34205068407960204 0.007628524046434427 0.007383395522388026
4 0.3977943615257048 0.33504664179104476 0.00785332596277868 0.008897699004975057
4 0.40329095264418646 0.34157804726368163 0.006731159019716187 0.00832866915422881
4 0.40205822738161046 0.32113339552238807 0.007403722130090343 0.007950870646766185
4 0.40867698544315456 0.32198538557213935 0.006281555187027851 0.010789800995024855
4 0.4123788465081997 0.32756996268656713 0.006058595909342198 0.007571517412935295
4 0.4151833425465266 0.32170087064676617 0.007178920213746091 0.008708022388059735
3 0.4781149806522941 0.22610230099502487 0.0065063571033721025 0.00795087064676615
4 0.4786769854431546 0.22136971393034824 0.008973650267182573 0.00795087064676615
3 0.4822664455500277 0.2258193407960199 0.005833793992997946 0.008897699004975126
4 0.4869780725999631 0.22032960199004975 0.005833793992997946 0.008518345771144274
4 0.4905675327068363 0.2223165422885572 0.00538419016030961 0.008328669154228882
4 0.4943817947300535 0.22364116915422885 0.005833793992997946 0.007193718905472634
4 0.4965137276580063 0.21805814676616914 0.007403722130090343 0.007383395522388026
4 0.5025704809286898 0.22297885572139303 0.007403722130090343 0.006626243781094511
1 0.600840243228303 0.0930223880597015 0.005608992076653695 0.00681436567164178
1 0.6070093974571587 0.10712531094527362 0.007628524046434427 0.005869092039800995
1 0.6011756034641607 0.11933613184079603 0.004039063939561466 0.00681436567164178
4 0.5174903261470426 0.23765080845771144 0.006731159019716187 0.00795087064676615
4 0.5170425649530127 0.23234919154228856 0.008973650267182573 0.007571517412935295
4 0.5218647503224617 0.23765080845771144 0.008750690989496919 0.00795087064676615
4 0.5893016399484062 0.30833333333333335 0.012312511516491563 0.010388681592039827
4 0.5889865487377925 0.2990205223880597 0.00823659480375895 0.009337686567164171
5 0.5947208402432284 0.2934188432835821 0.010009213193292742 0.010749378109452716
4 0.600827344757693 0.29131063432835824 0.00823659480375895 0.012596393034825867
4 0.6076469504330201 0.2881623134328358 0.01003869541182966 0.011075870646766135
4 0.6118942325409987 0.2923973880597015 0.00669246360788644 0.008686256218905456
4 0.5901455684540262 0.28284203980099504 0.008494564215957318 0.008686256218905456
4 0.5875714022480192 0.29380907960199004 0.006948590381426209 0.008470149253731346
4 0.5943928505620049 0.2864241293532338 0.00669246360788644 0.009337686567164171
4 0.5622424912474664 0.30048196517412934 0.007444260180578521 0.011596703980099526
4 0.5678256863829003 0.3047092661691542 0.008302929795467182 0.01183768656716416
4 0.5699410355629261 0.2916371268656716 0.00823659480375895 0.0071672885572139165
4 0.5674958540630183 0.28946517412935324 0.01003869541182966 0.006298196517412969
4 0.5784337571402248 0.2817552860696517 0.00926662981389349 0.007383395522388026
4 0.5811369080523309 0.29424284825870645 0.009522756587433259 0.009337686567164171
4 0.27982863460475405 0.46465018656716417 0.009727289478533253 0.011441231343283604
4 0.2899981573613415 0.45706312189054726 0.011791044776119362 0.012685012437810969
3 0.28793440206375526 0.47024564676616915 0.010022111663902685 0.009202425373134267
5 0.18522388059701494 0.45321983830845775 0.017289478533259614 0.0086380597014926
5 0.1925023032983232 0.4583069029850746 0.01911000552791598 0.0095973258706467
5 0.19102450709415886 0.4454462064676617 0.014332043486272358 0.00998134328358206
4 0.20303666850930535 0.43940453980099503 0.011201400405380499 0.007709888059701515
1 0.34659664639764143 0.35744869402985074 0.007075732448866794 0.008953669154228879
4 0.22573613414409438 0.514892723880597 0.007075732448866794 0.012436256218905439
4 0.23148332412014008 0.5170055970149254 0.006780910263497361 0.01218750000000005
4 0.33126773539708865 0.5545631218905472 0.011201400405380499 0.01417754975124372
3 0.337459001289847 0.5505845771144279 0.008253178551686008 0.017162624378109503
4 0.30960199004975125 0.5468532338308458 0.00854800073705544 0.008704912935323349
4 0.3190344573429151 0.547226368159204 0.01149622259074993 0.010943718905472688
4 0.30753823475216513 0.5425 0.009727289478533253 0.007958644278606902
4 0.31711811313801364 0.5429975124378109 0.01238068914685831 0.01044620646766163
4 0.3286161783674222 0.5355363805970149 0.01414962225907499 0.012933768656716355
4 0.19147042564953015 0.6229073383084577 0.00949880228487195 0.013022388059701526
4 0.330405380504883 0.6712546641791045 0.007470057121798409 0.007060012437810923
4 0.32921135065413676 0.6650777363184079 0.009262944536576374 0.010841106965174062
4 0.34803758982863464 0.6557478233830847 0.00866592961120328 0.008824626865671675
4 0.34639395614519997 0.6489412313432835 0.010757324488667792 0.009328358208955223
4 0.3510245070941589 0.6620522388059701 0.005080154781647349 0.007815609452736386
4 0.3577482955592408 0.6610432213930348 0.007171549659111862 0.009328358208955223
4 0.4240187949143173 0.5039614427860697 0.011383821632577805 0.010869092039800972
4 0.42162336465819056 0.49890547263681595 0.011383821632577805 0.011374378109452713
4 0.4328560899207666 0.4985261194029851 0.009286898839137579 0.015671641791044806
4 0.43765063571033724 0.5057307213930349 0.011682329095264352 0.013902363184079614
4 0.4466371844481297 0.49840018656716417 0.011682329095264352 0.016935634328358255
4 0.4478348995761931 0.5078777985074627 0.009286898839137579 0.009605099502487523
4 0.36707020453289113 0.6041977611940298 0.008586696148885187 0.007672574626865728
3 0.43109821264050124 0.5988712686567165 0.006819605675327109 0.011082089552238767
3 0.4374129353233831 0.6021735074626865 0.008840980283766273 0.009589552238806016
4 0.4375382347521651 0.5929026741293533 0.013134328358208908 0.010228544776119397
4 0.42099502487562185 0.5891744402985075 0.005809839690436658 0.010443097014925384
4 0.42099502487562185 0.5805425995024875 0.006314722682881967 0.01321361940298504
4 0.42680302192740005 0.5898134328358209 0.006314722682881967 0.010015547263681604
5 0.5385277317118113 0.5296159825870647 0.015015662428597712 0.0086380597014926
5 0.5590031324857195 0.5391184701492537 0.009554081444628775 0.006910758706467633
5 0.5591173760825502 0.5311520522388059 0.010692832135618158 0.007870024875621873
5 0.5398931269578036 0.5216495646766169 0.012284871936613243 0.013435945273631853
5 0.5489939192924268 0.514931592039801 0.012284871936613243 0.010749378109452788
5 0.559799152386217 0.5234732587064677 0.011147963884282292 0.011708644278607027
5 0.5654873779251888 0.5180985696517413 0.010692832135618158 0.010174129353233769
4 0.5609213193292795 0.5163961442786069 0.010355629261101864 0.011508084577114495
3 0.2631932927952828 0.8407898009950249 0.006721945826423442 0.0081669776119404
4 0.5158116823290954 0.7232695895522387 0.007529021558872245 0.009074937810945398
4 0.5209213193292795 0.723722014925373 0.006990971070572987 0.0086209577114429
4 0.511107425833794 0.7188448383084577 0.01156255758245808 0.009301927860696507
4 0.5246858301087157 0.7190718283582089 0.01183158282660771 0.009755907960199005
4 0.523071678643818 0.7129462064676617 0.011293532338308451 0.007487562189054704
4 0.48126036484245444 0.6772139303482587 0.01156255758245808 0.0086209577114429
4 0.5304661875806155 0.585556592039801 0.014789017873595028 0.01951181592039801
4 0.5394748479823106 0.6179990671641791 0.01613414409434317 0.015427549751243714
4 0.5506338676985443 0.6001896766169155 0.015327068361894286 0.014746579601990106
4 0.5245513174866409 0.6106265547263682 0.013712916896996512 0.015200559701492606
3 0.48798231066887776 0.6376243781094527 0.006183895338124267 0.013838619402985109
4 0.4947042564953013 0.6362624378109452 0.009948406117560307 0.014746579601990106
4 0.5015607149437996 0.628095460199005 0.01720840243228309 0.016108519900497463
3 0.479377188133407 0.6337671019900497 0.010486456605859564 0.013838619402985038
3 0.4852939008660401 0.6274144900497513 0.011024507094158822 0.01656249999999996
3 0.4539672010318776 0.6270740049751244 0.007529021558872245 0.006806592039800955
3 0.4666058595909342 0.631044776119403 0.008605122535470761 0.012478233830845805
3 0.4648571955039617 0.6234452736318408 0.0056458448498250095 0.010436878109452753
3 0.48690620969227927 0.5967863805970149 0.0072599963147226155 0.009755907960199005
3 0.4928229224249125 0.6029120024875622 0.009410355629261048 0.012932213930348303
3 0.49416620600700206 0.5956529850746268 0.01156255758245808 0.008847947761194007
3 0.4811258522203796 0.5882789179104477 0.0145199926294454 0.005898631840795958
4 0.47346231803943245 0.6031389925373134 0.010486456605859564 0.012024253731343306
3 0.14135249677538234 0.6488821517412935 0.004650819974203061 0.009057835820895557
3 0.14797309747558507 0.6494853855721393 0.006440022111663911 0.011472325870646902
3 0.14099502487562185 0.6458628731343283 0.006082550211903444 0.009661069651741202
3 0.15101345126220753 0.6454104477611939 0.00894601068730421 0.012378731343283706
4 0.3089865487377925 0.7819682835820896 0.010022111663902685 0.010629664179104601
4 0.31385480007370553 0.7837795398009951 0.008302929795467099 0.012321206467661692
4 0.5842896627971255 0.5705783582089552 0.01145384190160307 0.017394278606965193
5 0.5572968490878938 0.5821144278606964 0.01797309747558503 0.01612406716417911
4 0.5718352681039249 0.5738386194029851 0.013456790123456743 0.009905161691542295
4 0.5950267182605491 0.4592055348258707 0.013456790123456743 0.010629664179104461
4 0.5470683618942325 0.4264707711442786 0.01030772065597929 0.01183768656716423
4 0.5469246360788649 0.4171688432835821 0.014029850746268717 0.009180659203980127
4 0.4462797125483693 0.3670398009950249 0.009734660033167482 0.010388681592039756
3 0.45143357287635894 0.38455379353233826 0.005153860327989728 0.008213619402985064
3 0.45300902892942696 0.378515236318408 0.006585590565690028 0.010629664179104461
4 0.45243596830661503 0.3686100746268657 0.005439469320066416 0.00966417910447759
4 0.4634604754007739 0.3827425373134329 0.008590381426202302 0.010388681592039756
4 0.4626018057858854 0.3725963930348259 0.006871199557766715 0.010388681592039756
3 0.45902155887230517 0.3681265547263681 0.004295190713101234 0.008697139303482525
3 0.4570167680117929 0.3832260572139303 0.005439469320066416 0.00845615671641796
4 0.46689515386032804 0.3574968905472637 0.007444260180578521 0.010146144278607
3 0.4869393771881334 0.3613619402985075 0.004007739082365948 0.004348569651741333
4 0.49395430256126766 0.359550684079602 0.008875990418278988 0.009905161691542295
3 0.482214851667588 0.35616759950248755 0.005439469320066416 0.0050730721393035
3 0.48450525152017687 0.3581001243781095 0.008875990418278988 0.006040111940298564
4 0.4955279159756771 0.35169776119402985 0.01030772065597929 0.008697139303482525
3 0.4792076653768196 0.35314832089552234 0.0062999815736133405 0.007730099502487602
3 0.5011129537497697 0.35483830845771147 0.010593329648055975 0.005797574626865666
4 0.48235673484429703 0.3963930348258706 0.01030772065597929 0.012078669154228793
4 0.4929519071310116 0.391318407960199 0.008590381426202302 0.012078669154228793
3 0.5351851851851851 0.37416666666666665 0.008875990418278988 0.010629664179104461
3 0.5400534365210982 0.3764614427860697 0.006585590565690028 0.010872201492537358
3 0.5771328542472822 0.37948072139303485 0.006871199557766715 0.007248134328358192
3 0.5795651372765801 0.3805674751243781 0.004868251335913041 0.007489116915422897
3 0.5858651188501934 0.3806887437810946 0.007158651188502002 0.009180659203980127
3 0.5911627049935507 0.37839396766169153 0.0062999815736133405 0.00893812189054723
3 0.5923069836005159 0.3740453980099503 0.0062999815736133405 0.00845615671641796
4 0.5417707757508752 0.3640189676616915 0.01002211166390277 0.00966417910447759
4 0.5490713101160863 0.3631731965174129 0.009161599410355676 0.010388681592039756
4 0.5469246360788649 0.3553218283582089 0.01002211166390277 0.008697139303482525
4 0.5742693937718814 0.3094200870646766 0.01030772065597929 0.00966417910447759
4 0.5901603095632947 0.3401026119402985 0.007731711811313808 0.00966417910447759
4 0.5874405749032615 0.33684079601990047 0.005726920950801535 0.010388681592039756
3 0.5968877833056938 0.3292304104477612 0.008590381426202302 0.010146144278607
3 0.5981776303666851 0.3248818407960199 0.008302929795467182 0.00966417910447759
3 0.6017560346416067 0.32645211442786065 0.005726920950801535 0.009421641791044833
4 0.6123493642896628 0.3155814676616916 0.008017320803390496 0.00893812189054723
4 0.6156421595725079 0.31159514925373133 0.008875990418278988 0.011596703980099526
4 0.5791358024691359 0.33720304726368155 0.009161599410355676 0.011596703980099526
4 0.5817136539524599 0.330800684079602 0.009734660033167482 0.012321206467661692
3 0.5556569006817763 0.3380488184079602 0.005153860327989728 0.007489116915422897
4 0.5618131564400222 0.3293516791044776 0.011739450893679755 0.00845615671641796
3 0.5612400958172103 0.34022232587064677 0.005439469320066416 0.007005597014925436
3 0.5632448866777224 0.33478700248756216 0.006012529942878222 0.011596703980099526
3 0.5583766353418096 0.36522699004975123 0.004295190713101234 0.007248134328358192
3 0.5623862170628339 0.3637779850746269 0.006585590565690028 0.011596703980099526
3 0.565679012345679 0.3637779850746269 0.0062999815736133405 0.008213619402985064
3 0.5649622259074996 0.35858364427860695 0.008875990418278988 0.010872201492537358
3 0.6942528100239543 0.5179819651741293 0.009165284687672708 0.01302394278606972
3 0.7017283950617283 0.5167599502487562 0.009646213377556728 0.012209266169154189
4 0.7325078312142989 0.4355783582089552 0.008127879122903938 0.006857898009950198
4 0.7334899576193108 0.42907649253731345 0.008407960199004996 0.006621579601990072
4 0.7389552238805971 0.4351057213930348 0.005885387875437553 0.009222636815920353
4 0.738253178551686 0.4274207089552239 0.006725631103740556 0.006621579601990072
2 0.7480633867698544 0.43912624378109455 0.005605306799336664 0.004965796019900435
3 0.7526865671641791 0.4407820273631841 0.005885387875437637 0.004965796019900435
3 0.7456808549843377 0.43475124378109453 0.0047650635710336595 0.00614894278606968
3 0.7494637921503593 0.43297730099502485 0.005605306799336664 0.004965796019900435
4 0.747643265155703 0.42943097014925374 0.008127879122903938 0.004965796019900435
4 0.7424580799705177 0.42552860696517414 0.007847798046803049 0.0070942164179104645
5 0.6675198083655796 0.3482213930348259 0.006370001842638605 0.008254042288557237
5 0.6728653031140593 0.3494698383084577 0.0061433572876359215 0.008445273631840751
4 0.6778127879122904 0.35129819651741295 0.011343283582089626 0.00841106965174135
5 0.712336465819053 0.38584421641791045 0.007735397088630839 0.008254042288557237
3 0.720263497328174 0.3863899253731344 0.0061875806154412984 0.006669776119402928
5 0.7098341625207297 0.3814287935323383 0.014560530679933745 0.007870024875621873
4 0.7214648977335545 0.38015547263681587 0.009281370923161949 0.008700248756218911
4 0.7914133038511147 0.4733939676616915 0.004812972176156403 0.007249689054726385
4 0.7900386954118297 0.47121890547263684 0.005500276395798851 0.008700248756218911
3 0.7850543578404274 0.4725248756218906 0.006530311405933391 0.007249689054726385
3 0.7740372213009029 0.5271906094527363 0.006292611018979111 0.005309390547263625
3 0.7793292795282846 0.5274331467661691 0.004289662797125605 0.005309390547263625
3 0.7804735581352497 0.5242957089552239 0.007722498618020979 0.004343905472636754
4 0.5897715128063385 0.6736815920398009 0.009721761562557623 0.007899564676616837
3 0.5964326515570297 0.676416355721393 0.011523862170628334 0.007899564676616837
3 0.605975677169707 0.6778233830845771 0.009721761562557623 0.011769278606965286
3 0.5785406301824212 0.6744605099502488 0.010433020084761359 0.009158893034825848
4 0.581308273447577 0.6712515547263681 0.00936244702413864 0.010937500000000057
4 0.5951722867145752 0.6680612562189056 0.009721761562557623 0.011242226368159124
2 0.326113875069099 0.40655939054726364 0.01542288557213927 0.01637282338308464
3 0.6511037405564769 0.3839754353233831 0.008122351206928308 0.007324315920397959
4 0.7989460106873042 0.47067941542288555 0.006733001658374953 0.007573072139303488
5 0.43444812972176156 0.4699191542288557 0.011603095632946427 0.009022077114427821
2 0.43992629445365766 0.46470771144278605 0.007768564584484956 0.008540111940298552
2 0.28722130090289294 0.4460680970149254 0.007086788280818138 0.00566697761194027
5 0.28054357840427496 0.4555830223880597 0.008138934954855367 0.007694340796019866
5 0.27570296664824023 0.4533566542288557 0.005872489404827693 0.00564987562189057
5 0.7274663718444813 0.3802782960199005 0.010692832135618158 0.007870024875621873
5 0.5423954302561268 0.5390220771144278 0.012740003685277378 0.006717972636815926
5 0.558207112585222 0.561767723880597 0.016152570480928663 0.013819962686567214
5 0.5709471162704993 0.5473725124378109 0.012511516491615927 0.011901430348258735
5 0.5864160678091026 0.5594651741293533 0.026161783674221405 0.00998134328358206
5 0.5888059701492537 0.5534188432835822 0.02365948037589822 0.0086380597014926
5 0.3253620784964068 0.5206902985074626 0.012740003685277293 0.012285447761194097
5 0.40873963515754563 0.4908426616915423 0.016607702229592798 0.009406094527363185
5 0.4039635157545605 0.4842195273631841 0.016152570480928663 0.00998134328358206
5 0.8423530495669799 0.5450684079601991 0.022067440574903303 0.01266946517412932
5 0.8553196978072599 0.5438199626865672 0.010692832135618327 0.009406094527363185
5 0.8648756218905473 0.5414210199004975 0.014332043486272462 0.012285447761194097
5 0.6054136723788465 0.6591837686567164 0.011374608439284976 0.008254042288557237
5 0.6014317302377005 0.6547683457711443 0.011603095632946427 0.006333955223880563
5 0.5724249124746638 0.6508333333333333 0.012740003685277378 0.010749378109452645
5 0.44309194766906207 0.46032182835820895 0.00887230514096179 0.005949937810945342
5 0.39554634236226277 0.31549440298507464 0.013876911737608329 0.009597325870646734
5 0.415679012345679 0.31750932835820894 0.012284871936613243 0.007486007462686546
5 0.40566979915238627 0.31386194029850745 0.01592408328726738 0.007101990049751219
5 0.5976782752902157 0.45475435323383084 0.014105398931269612 0.007101990049751289
5 0.5958577482955593 0.45235541044776123 0.014105398931269612 0.008445273631840751
5 0.21377372397272895 0.44870802238805974 0.008872305140961875 0.008061256218905528
4 0.21377372397272895 0.4402627487562189 0.01524230698360048 0.011901430348258735
5 0.18601990049751246 0.6137873134328359 0.01251151649161601 0.007294776119402996
2 0.5056532154044593 0.38482742537313436 0.00902524414962218 0.0063650497512437185
2 0.886987285793256 0.5256996268656716 0.01629813893495499 0.01579757462686562
5 0.8520987654320988 0.5382011815920398 0.010641238253178552 0.0067055348258706635
3 0.6098433757140225 0.6717428482587064 0.009966832504145963 0.007842039800995104
5 0.7358540630182421 0.26441231343283583 0.0071383821632577445 0.006932524875621913