2 0.9409778156996588 0.4947037389100126 0.007701365187713174 0.00807351077313055
2 0.693901023890785 0.7893615335868187 0.010435153583617685 0.007842205323193916
2 0.8334027303754266 0.15841254752851713 0.006211604095563078 0.006227820025348533
2 0.7896757679180887 0.14803390367553865 0.006211604095563078 0.0076108998732572816
1 0.9280392491467577 0.16130544993662863 0.00555802047781565 0.005898288973384033
1 0.9289931740614333 0.15673479087452472 0.004923208191126342 0.004423320659062115
2 0.9088225255972696 0.16993029150823827 0.007781569965870369 0.007224334600760442
1 0.8105955631399318 0.21180449936628643 0.00381228668941982 0.0054546894803548535
2 0.818457337883959 0.2022940430925222 0.004923208191126342 0.004128643852978445
2 0.8250477815699658 0.2039908111533587 0.0066706484641638475 0.005750950570342234
2 0.6935477815699659 0.151132762991128 0.008576791808873758 0.009141318124207865
2 0.7063327645051194 0.25876584283903675 0.00937030716723547 0.009141318124207829
2 0.7355546075085325 0.33735266159695815 0.004923208191126342 0.0035392902408111766
2 0.7302354948805462 0.3353628010139418 0.0031757679180888366 0.002506337135614656
2 0.7402406143344711 0.3318235107731306 0.007305460750853155 0.0054546894803549255
2 0.7288054607508533 0.30749524714828896 0.007305460750853155 0.004570659062103914
2 0.7364283276450513 0.31037072243346014 0.007940273037542774 0.006782319391634972
2 0.7708924914675769 0.3776790240811153 0.005081911262798747 0.004570659062103986
2 0.783438566552901 0.3756147021546261 0.008576791808873758 0.005750950570342234
2 0.7842320819112628 0.3688323827629911 0.006353242320819038 0.0051600126742711834
2 0.7160204778156997 0.3337404942965779 0.007146757679180751 0.006340304182509575
2 0.7078412969283276 0.3536454372623574 0.004764505119453938 0.0036866286438530477
2 0.6678993174061433 0.3646292775665399 0.004923208191126342 0.004423320659062115
2 0.674013651877133 0.36485107731305444 0.008257679180887429 0.0054546894803549255
2 0.6694880546075085 0.3605006337135614 0.00746416382252556 0.005012674271229456
2 0.6671058020477816 0.33868029150823825 0.004605802047781533 0.0038339670468947747
2 0.6790955631399317 0.33447718631178713 0.004447098976109284 0.004275982256020244
2 0.6847337883959045 0.3340351711026616 0.008098976109215023 0.0051600126742711834
2 0.6607525597269625 0.13137515842839034 0.006511945392491443 0.006192965779467667
1 0.7793890784982935 0.16698193916349807 0.00746416382252556 0.007224334600760442
2 0.7177679180887372 0.22477978453738917 0.006194539249146634 0.0054546894803548535
2 0.7498481228668942 0.24977186311787078 0.00555802047781565 0.005898288973384033
2 0.6577354948805461 0.2767538022813688 0.008098976109215023 0.005603612167300363
2 0.6639300341296929 0.2678326996197719 0.006511945392491443 0.004275982256020244
2 0.6763174061433447 0.2101821926489227 0.007146757679180906 0.006929657794676771
2 0.6317696245733788 0.27373098859315587 0.005081911262798592 0.0036866286438529757
2 0.5959556313993174 0.30004911280101393 0.005240614334470996 0.005603612167300363
2 0.6077081911262798 0.2936359315589354 0.0058754266211604594 0.005750950570342234
2 0.5449317406143345 0.2720231305449937 0.007156996587030649 0.006208808618504444
2 0.5462986348122867 0.26475760456273756 0.0074351535836176975 0.007403358681875795
2 0.5144044368600682 0.3090446768060836 0.0075034129692833195 0.00535329531051964
2 0.5150750853242321 0.30478929024081114 0.005542662116040881 0.004643536121672995
2 0.5437303754266212 0.30127534854245874 0.007704778156996525 0.0056463878326995995
2 0.49500170648464165 0.19931242078580488 0.005406143344709948 0.005521229404309238
2 0.5006109215017065 0.19724176172370086 0.005812286689419864 0.004391634980988561
1 0.5056535836177475 0.2002027883396705 0.006755972696245759 0.005188529784537389
2 0.5092610921501707 0.19504594423320662 0.0052713310580205334 0.006023447401774395
2 0.4530307167235495 0.19743029150823832 0.004730375426621204 0.004768694550063357
1 0.4584368600682594 0.19755544993662869 0.00419112627986355 0.00501901140684408
2 0.4574232081911263 0.19121831432192646 0.006488054607508607 0.005898288973384033
2 0.4516109215017065 0.18419043092522183 0.0035136518771331305 0.004391634980988561
2 0.458098976109215 0.18569708491761722 0.006218430034129625 0.005898288973384033
1 0.46945392491467575 0.2101679340937896 0.0045955631399317905 0.0056463878326995995
2 0.5370392491467577 0.22441064638783262 0.00405460750853246 0.0030117237008872337
2 0.5841467576791809 0.2156273764258555 0.0052713310580205334 0.004016159695817476
2 0.5094641638225256 0.37889258555133076 0.008921501706484598 0.005773130544993599
2 0.5129112627986347 0.3698574144486692 0.008786689419795185 0.006775982256020348
2 0.5239283276450512 0.38366128010139416 0.00405460750853246 0.0037642585551331143
2 0.5284556313993174 0.38378643852978456 0.006353242320819038 0.004518377693282705
2 0.5275102389078499 0.3776378326996197 0.005542662116040881 0.005773130544993599
2 0.5818498293515358 0.3729942965779468 0.004460750853242376 0.005019011406844152
2 0.586580204778157 0.37368504435994926 0.004730375426621204 0.004893852978453791
1 0.5228464163822526 0.40022655259822554 0.005406143344709948 0.005270912547528587
1 0.5018941979522185 0.4120231305449936 0.00405460750853246 0.0037642585551331143
1 0.4620870307167235 0.42601552598225606 0.003378839590443717 0.0031368821292775953
2 0.5929334470989761 0.4395057034220532 0.004460750853242376 0.0030117237008872337
2 0.6003686006825938 0.43900348542458806 0.006894197952218368 0.006023447401774467
2 0.5676569965870307 0.3528532953105197 0.0052713310580205334 0.005396070975918948
2 0.5825921501706485 0.3640842839036756 0.004866894197952293 0.004266476552598272
2 0.6054368600682594 0.25289765525982255 0.00567747440273045 0.0042664765525982
2 0.5718464163822525 0.16542934093789607 0.008245733788395855 0.010039607097591871
2 0.5819163822525598 0.16417458808618504 0.0067593856655289546 0.007027883396704692
1 0.7277679180887372 0.16517902408111534 0.004866894197952293 0.0030117237008872337
1 0.6885682593856656 0.21531368821292782 0.005947098976109277 0.003891001267427114
1 0.6902576791808873 0.21205006337135615 0.005542662116040881 0.003388783269961957
2 0.817387372013652 0.26519645120405577 0.01540955631399305 0.006275348542458829
1 0.8173191126279863 0.1623558301647655 0.005001706484641552 0.00439163498098858
1 0.6010443686006826 0.1829990494296578 0.0060819112627986905 0.004518377693282633
2 0.4032184300341297 0.09465145754119139 0.007839590443685939 0.008032319391634988
1 0.4633703071672355 0.12269961977186312 0.005947098976109277 0.003891001267427114
2 0.46505972696245734 0.11880861850443601 0.005001706484641707 0.004643536121672995
2 0.4714129692832765 0.11774239543726236 0.0074351535836176975 0.007027883396704674
1 0.40078668941979523 0.1506210392902408 0.00513651877133112 0.006023447401774395
2 0.4057866894197952 0.17176647655259825 0.005947098976109277 0.006650823827629914
1 0.4180204778156996 0.1773510773130545 0.004460750853242376 0.0037642585551331143
1 0.42419965870307164 0.2229515209125476 0.003636518771331126 0.003921102661596958
1 0.42472866894197947 0.21434727503168569 0.0056313993174061435 0.005882446134347292
2 0.43234812286689417 0.21079531051964512 0.00662286689419802 0.005396070975918876
2 0.4230887372013652 0.2539654626108998 0.004866894197952293 0.004391634980988561
1 0.42403583617747437 0.2469375792141952 0.00567747440273045 0.005396070975918876
2 0.4478941979522184 0.18287389100126747 0.004730375426621204 0.005773130544993671
2 0.4489078498293515 0.17741444866920156 0.00567747440273045 0.004893852978453719
2 0.4514761092150171 0.18092839036755387 0.0037849829351536335 0.004391634980988561
2 0.45972184300341296 0.18124207858048164 0.0045955631399317905 0.004518377693282633
2 0.4593839590443686 0.2503881495564005 0.005542662116040881 0.0042664765525982
2 0.4759419795221843 0.25258396704689484 0.00513651877133112 0.005145754119138152
2 0.4385 0.12916191381495565 0.004325938566552963 0.004768694550063357
2 0.4454607508532423 0.13104404309252218 0.004730375426621204 0.005019011406844117
2 0.4420136518771331 0.15394645120405578 0.007029010238907781 0.004643536121672995
2 0.6155972696245734 0.26218314321926484 0.004793515358361799 0.003483840304182475
1 0.6060085324232082 0.25979721166032954 0.004238907849829376 0.0028374524714828665
1 0.6482150170648464 0.19284537389100123 0.0052798634812286005 0.003095690747781997
1 0.6314027303754266 0.20055291508238282 0.003334470989761086 0.0027740811153359026
2 0.5880836177474403 0.1494993662864385 0.008684300341296984 0.005160012674271219
2 0.5995119453924914 0.15420785804816226 0.006530716723549563 0.004773447401774415
2 0.6591587030716723 0.17655893536121675 0.0038208191126280423 0.004580164765525959
1 0.6588464163822526 0.18365335868187577 0.002639931740614378 0.0027740811153359026
2 0.6629795221843003 0.17916983523447402 0.0034044368600682283 0.004128643852978445
2 0.6691279863481229 0.24502693282636243 0.007365187713310555 0.006063054499366284
2 0.6768054607508532 0.24154309252217995 0.00798976109215012 0.004515209125475285
1 0.6525921501706484 0.2555085551330799 0.00375255972696242 0.004321926489226901
1 0.664820819112628 0.2544439163498099 0.007365187713310555 0.005031685678073545
1 0.64710409556314 0.2626029784537389 0.005001706484641707 0.0022576045627376424
1 0.5460853242320819 0.29753010139416985 0.004447098976109284 0.003483840304182475
1 0.5468498293515358 0.2935630544993663 0.006530716723549563 0.004836818757921451
2 0.5285767918088737 0.3140747782002534 0.011672354948805398 0.006128010139416958
2 0.5198225255972696 0.3096562103929024 0.003334470989761086 0.0029673637515842868
2 0.34200682593856657 0.3929071609632446 0.00494539249146758 0.004706907477820031
2 0.3482883959044369 0.38753960709759183 0.009503412969283287 0.005446768060836519
2 0.34705631399317405 0.3810044359949302 0.006569965870307167 0.007625158428390385
2 0.39621672354948806 0.4083444233206591 0.006805460750853261 0.006099493029150824
1 0.4033737201365188 0.4104134980988593 0.00469283276450512 0.004575411913814973
2 0.3227116040955631 0.36820500633713554 0.006687713310580214 0.005990177439797275
2 0.2916774744027304 0.38007762991128013 0.0032849829351535836 0.0031590621039289607
2 0.2976621160409556 0.37828105196451206 0.007274744027303773 0.005228136882129277
1 0.2988344709897611 0.3873764258555133 0.005397610921501725 0.004247465145754183
2 0.3278737201365188 0.29658586818757926 0.009034129692832774 0.005663814955640051
2 0.269679180887372 0.2987642585551331 0.006687713310580214 0.004792458808618504
2 0.2683293515358362 0.2908666032953105 0.00915187713310582 0.008605830164765552
2 0.3125034129692833 0.26619613434727496 0.0073924914675768194 0.005446768060836519
2 0.31925085324232083 0.2579166666666667 0.007744027303754284 0.007625158428390385
2 0.26475085324232084 0.24800538656527246 0.007156996587030726 0.009149239543726236
2 0.2409334470989761 0.19637357414448672 0.007861774744027331 0.006535171102661597
1 0.22468430034129694 0.1818868821292776 0.007744027303754284 0.005446768060836519
2 0.2355955631399317 0.18390209125475285 0.007977815699658703 0.005990177439797203
2 0.2192866894197952 0.17164765525982256 0.007274744027303773 0.008496514575411932
2 0.22397952218430034 0.17567807351077314 0.004459044368600701 0.004356780735107731
2 0.22744027303754266 0.17311787072243343 0.009034129692832774 0.0066444866920152175
2 0.3712849829351536 0.27153358681875794 0.007156996587030649 0.005228136882129277
2 0.33931399317406147 0.19800697084917612 0.006569965870307167 0.005011089987325746
2 0.36553583617747437 0.18646070975918885 0.006452218430034198 0.004575411913814973
2 0.35186689419795225 0.1783460076045627 0.006336177474402749 0.005337452471482898
1 0.3629556313993174 0.2657050063371356 0.007392491467576742 0.005337452471482898
1 0.3853651877133105 0.26189321926489223 0.006687713310580137 0.004247465145754111
1 0.3888839590443686 0.25737325728770594 0.004341296928327577 0.003921102661596958
1 0.3956894197952218 0.2647797845373891 0.004810580204778089 0.003921102661596958
1 0.33151023890784986 0.26565114068441065 0.005513651877133097 0.006535171102661597
2 0.3312184300341297 0.24958491761723703 0.011967576791808892 0.007080164765525991
1 0.3268174061433447 0.24702471482889737 0.004575085324232072 0.0041397338403042
1 0.3527474402730375 0.20356305449936635 0.004341296928327577 0.003049746514575412
1 0.35169112627986343 0.19969581749049423 0.004105802047781638 0.004466096324461352
2 0.4523003412969283 0.22404150823827623 0.008682593856655308 0.008713561470215462
2 0.49137030716723545 0.24615335868187582 0.007977815699658703 0.005446768060836519
1 0.4997013651877133 0.2928818124207858 0.006805460750853261 0.006099493029150824
1 0.48820307167235494 0.34745405576679345 0.0035204778156996772 0.0032683776932826533
1 0.496240614334471 0.345112484157161 0.004105802047781638 0.003376108998732636
1 0.5014607508532423 0.3352012040557668 0.0037542662116040954 0.0031590621039289607
2 0.4318259385665529 0.14490652724968317 0.004810580204778089 0.00555449936628643
1 0.3754505119453925 0.1914179340937896 0.007039249146757679 0.004030418250950579
1 0.35814505119453927 0.20759347275031684 0.005749146757679112 0.005446768060836519
1 0.3613703071672355 0.20247306717363756 0.00469283276450512 0.004792458808618504
2 0.3604931740614334 0.17629277566539928 0.00561774744027305 0.006671419518377714
1 0.43531740614334474 0.22027883396704684 0.004609215017064884 0.004594423320659062
2 0.3793344709897611 0.27016476552598223 0.005337883959044325 0.006658745247148321
1 0.3873839590443686 0.27163498098859323 0.005421501706484716 0.003407794676806118
2 0.37908361774744026 0.27906844106463874 0.005505119453924952 0.004336185044359932
1 0.37483105802047784 0.2662531685678074 0.004670648464163804 0.002864385297845362
2 0.5072389078498294 0.26842205323193913 0.007590443686006751 0.005033269961977184
2 0.5831808873720137 0.2513862484157161 0.005005119453924903 0.005342205323193885
2 0.5874761092150171 0.2587816856780736 0.00525426621160409 0.004646704689480343
2 0.524962457337884 0.2569233206590621 0.005337883959044325 0.005885614702154641
1 0.5271723549488054 0.25119296577946765 0.004087030716723518 0.003097275031685707
1 0.5315102389078499 0.2515019011406843 0.00475426621160404 0.0027883396704689338
1 0.5429368600682594 0.22846641318124206 0.003587030716723624 0.0031749049429657737
1 0.34597098976109214 0.22687896070975924 0.005672354948805423 0.0024778200253485223
1 0.33512798634812285 0.22099334600760454 0.003003412969283261 0.0027883396704689338
3 0.28062286689419796 0.19729879594423327 0.00642150170648466 0.006194550063371342
2 0.29797098976109215 0.24190114068441065 0.004419795221843019 0.003097275031685707
2 0.25693515358361774 0.267802598225602 0.008090443686006801 0.007202154626109005
2 0.32741296928327646 0.23357731305449939 0.0039197952218429696 0.004103295310519659
2 0.33276962457337883 0.3036501901140685 0.007508532423208191 0.006402091254752829
2 0.333919795221843 0.31336026615969587 0.009807167235494846 0.006188212927756645
2 0.40241979522184296 0.33640842839036755 0.008274744027303717 0.007042141951837741
2 0.3004726962457338 0.33423954372623577 0.006360068259385662 0.005833333333333288
1 0.21155631399317407 0.4007921419518378 0.00797440273037543 0.007512674271229416
1 0.21695221843003412 0.4141302281368821 0.009382252559726965 0.006314955640050645
1 0.24134470989761092 0.42594264892268696 0.005160409556313956 0.005117237008872019
1 0.24773549488054608 0.44009664131812426 0.0057457337883959165 0.004681558935361246
1 0.226919795221843 0.4178865652724968 0.0077406143344710115 0.005988593155893565
2 0.15644027303754265 0.45125475285171096 0.008443686006825941 0.00696768060836495
2 0.17139249146757682 0.5395516476552598 0.00973378839590445 0.01067015209125481
2 0.18921672354948804 0.5342712294043092 0.01395563139931744 0.010125158428390344
2 0.18698805460750853 0.584570659062104 0.0057457337883959165 0.005334283903675551
2 0.11780204778156997 0.528891001267427 0.010889078498293505 0.008385614702154673
2 0.12021501706484643 0.5661692015209125 0.009776450511945386 0.009879594423320608
2 0.16989761092150168 0.5984505703422054 0.010146757679180874 0.008730988593155842
1 0.18134470989761092 0.5993124207858047 0.006805460750853261 0.004939797211660376
2 0.09682764505119454 0.5596783903675538 0.008537542662116036 0.0060884030418251415
2 0.1075938566552901 0.5675475285171102 0.016209897610921502 0.012176806083650139
1 0.22131228668941982 0.5947179974651458 0.0060631399317406486 0.005399239543726224
2 0.1859641638225256 0.5733016476552598 0.00494539249146758 0.0036739543726235107
1 0.19903924914675766 0.5682366920152091 0.0040836177474402454 0.004825728770595696
2 0.5156996587030717 0.7722275031685678 0.012238907849829395 0.010705006337135569
2 0.5564112627986348 0.7658412547528517 0.0070802047781569595 0.008827629911279998
2 0.5569675767918089 0.7928865652724968 0.006575085324232038 0.008827629911279998
1 0.5462969283276451 0.7926520912547529 0.006675767918088719 0.0034743346007605025
1 0.4917269624573379 0.6896863117870723 0.0059675767918089175 0.0071371989860581865
1 0.4994146757679181 0.6828311153358682 0.005158703071672281 0.004320342205323263
1 0.49830204778157 0.6763038656527249 0.005766211604095557 0.006291191381495425
1 0.4982013651877133 0.6719375792141953 0.005158703071672281 0.005822243346007605
1 0.5300631399317406 0.6727360583016477 0.0049556313993174 0.0047892902408110845
2 0.6001569965870307 0.548501267427123 0.010822525597269638 0.007981622306717381
2 0.6057713310580205 0.544462927756654 0.009508532423208234 0.007042141951837741
1 0.5542372013651877 0.5662484157160963 0.006776450511945399 0.007042141951837741
2 0.5665255972696246 0.5821181875792142 0.005058020477815756 0.004976235741444844
2 0.5703191126279864 0.5713197084917617 0.009810580204778119 0.008732572877059551
1 0.44221672354948804 0.619115969581749 0.008092150170648477 0.008357097591888466
1 0.46917235494880544 0.6169106463878327 0.004146757679180918 0.003192332065906153
2 0.4776177474402731 0.49286280101394164 0.007687713310580236 0.006761723700887245
2 0.42375597269624576 0.5128643852978454 0.008395904436860037 0.007699619771863175
2 0.4257798634812287 0.5034743346007605 0.006372013651877158 0.005446768060836519
2 0.3970529010238908 0.4983095690747782 0.00475426621160404 0.003005386565272537
1 0.4431262798634812 0.452671102661597 0.0070802047781569595 0.0045072877059568785
2 0.41733447098976106 0.4279277566539924 0.0044505119453924795 0.007981622306717381
1 0.38815358361774743 0.4461454372623574 0.005563139931740677 0.004600760456273758
2 0.509377133105802 0.48774397972116607 0.006472696245733838 0.00629119138149557
2 0.51539590443686 0.4876980354879595 0.004349829351535799 0.00619771863117869
2 0.4737747440273038 0.5152582382762991 0.008496587030716717 0.006479721166032896
1 0.5223242320819113 0.5346023447401774 0.004046075085324239 0.004225285171102673
1 0.3839334470989761 0.36353453738910013 0.007187713310580186 0.004565906210392857
2 0.389481228668942 0.3682762991128011 0.007692832764505107 0.005152091254752921
2 0.4408071672354949 0.368393536121673 0.005423208191126236 0.009600760456273822
1 0.3320529010238908 0.48261723700887194 0.005317406143344685 0.004591254752851642
1 0.3731040955631399 0.532837452471483 0.005069965870307174 0.004477186311787107
1 0.3779249146757679 0.5325506970849176 0.006058020477815699 0.005280418250950559
1 0.34027474402730373 0.4834775031685678 0.00494539249146758 0.0049366286438529555
1 0.30515870307167237 0.38745405576679337 0.002967576791808852 0.002525348542458745
2 0.3676621160409556 0.48956115335868183 0.007295221843003413 0.0051663498098858795
1 0.35103242320819117 0.48502693282636244 0.0032150170648464413 0.002065906210392897
2 0.3522064846416382 0.4790573510773131 0.0035853242320819487 0.002984790874524738
2 0.3567815699658703 0.4790573510773131 0.004822525597269662 0.004361533586818718
2 0.35498976109215014 0.47676172370088715 0.0037098976109214647 0.002984790874524738
2 0.34596245733788394 0.46172370088719894 0.0064300341296928045 0.005050697084917634
2 0.35226962457337885 0.45621356147021547 0.005687713310580192 0.006429024081115325
2 0.07326109215017065 0.47446609632446135 0.010015358361774734 0.008954372623574213
2 0.019104095563139935 0.48089512040557664 0.012488054607508537 0.011250000000000034
2 0.047418088737201367 0.5034505703422053 0.008778156996587036 0.007232256020278776
2 0.06206996587030717 0.5173415716096325 0.00741808873720137 0.0051663498098858795
2 0.10509897610921502 0.5090763624841571 0.00741808873720137 0.007002534854245852
2 0.10602730375426622 0.5199239543726236 0.00630546075085325 0.005739860583016407
2 0.03579522184300341 0.4385361216730038 0.007790102389078494 0.005510139416983483
1 0.02089590443686007 0.4335424588086186 0.010138225255972695 0.008838719898605825
1 0.030849829351535837 0.4344613434727503 0.00630546075085324 0.0051663498098858795
2 0.009706484641638227 0.31398605830164766 0.012982935153583617 0.007576045627376452
2 0.016011945392491466 0.29275031685678077 0.011252559726962458 0.01239702154626109
2 0.06386348122866894 0.35496831432192655 0.010015358361774753 0.004591254752851642
2 0.06683105802047781 0.3517538022813689 0.005564846416382255 0.004591254752851642
2 0.0668924914675768 0.3484236375158428 0.008655290102389083 0.005280418250950559
1 0.2612645051194539 0.5683095690747783 0.0032150170648464413 0.0028691381495563485
2 0.2348668941979522 0.46447877059569076 0.008284982935153614 0.007805766793409448
2 0.23251706484641638 0.4600031685678073 0.008037542662116025 0.005739860583016407
2 0.2401825938566553 0.4582810519645121 0.007542662116040925 0.005510139416983483
2 0.24648976109215018 0.49403833967046895 0.007295221843003413 0.007232256020278776
2 0.24871501706484642 0.5180291508238276 0.006305460750853211 0.005624207858048162
2 0.22596416382252563 0.5078707224334601 0.00927303754266214 0.005050697084917634
2 0.23591808873720138 0.4548368187579215 0.007912969283276432 0.006429024081115325
1 0.18503754266211603 0.44249683143219265 0.006058020477815699 0.0051663498098858795
2 0.22961092150170648 0.2672084917617237 0.009645051194539246 0.00998732572877059
1 0.0831518771331058 0.6265082382762992 0.005069965870307174 0.004477186311787107
1 0.08618088737201365 0.6194486692015209 0.00519283276450512 0.004591254752851642
1 0.06936518771331059 0.6787389100126743 0.006182593856655293 0.005624207858048162
1 0.09088054607508532 0.642694866920152 0.0037098976109215033 0.0033285804816223412
1 0.08933447098976109 0.6348891001267427 0.004080204778157001 0.0033285804816223412
1 0.17094197952218432 0.6984838403041825 0.008037542662116025 0.007002534854245996
1 0.180401023890785 0.6990003168567808 0.005687713310580192 0.005280418250950559
1 0.1662423208191126 0.6910788973384031 0.008037542662116025 0.008724651457541146
1 0.17285836177474403 0.6942934093789608 0.0039573378839590535 0.004591254752851642
2 0.3953651877133106 0.8109648288973385 0.015660409556314068 0.013887832699619749
2 0.3924436860068259 0.775703422053232 0.010752559726962494 0.01627534854245874
1 0.3217952218430034 0.8430402408111535 0.005040955631399311 0.007644169835234474
1 0.3534709897610922 0.8721356147021546 0.005880546075085331 0.00655259822560212
1 0.35262969283276446 0.8662072243346007 0.010923208191126316 0.007176806083650075
1 0.7659215017064847 0.8963941698352346 0.00403242320819099 0.007019961977186231
2 0.7145017064846416 0.21652091254752856 0.00672184300341287 0.00452471482889733
2 0.8360784982935153 0.437035804816223 0.0052098976109216134 0.005616286438529756
2 0.7354232081911263 0.7211993029150824 0.004873720136518684 0.00421261089987328
2 0.731221843003413 0.7376584283903677 0.004537542662116065 0.004055766793409437
2 0.7416399317406144 0.7271276932826363 0.0058805460750851754 0.004836818757921523
1 0.6422457337883959 0.766596958174905 0.004704778156996537 0.005148922686945501
1 0.6421621160409556 0.7599667300380228 0.0031928327645051255 0.004992078580481657
2 0.9719385665529011 0.483759505703422 0.007394197952218418 0.00421261089987328
2 0.44781569965870305 0.4178089353612167 0.00856996587030721 0.004732256020278817
1 0.4604846416382253 0.4066302281368821 0.004948805460750853 0.003224017743979779
1 0.46812969283276445 0.40083491761723694 0.0022167235494880175 0.0023320659062104334
1 0.47444539249146755 0.39788498098859315 0.00184641638225251 0.0016460709759189365
3 0.4892576791808874 0.4016920152091254 0.00487542662116036 0.004594423320659062
3 0.4604470989761092 0.3615367553865653 0.004284982935153528 0.0019201520912547356
3 0.4649897610921502 0.36136565272496823 0.0033242320819111882 0.00404626108998732
3 0.4608156996587031 0.35971958174904944 0.004431740614334515 0.0018520278833966412
3 0.46827815699658704 0.3676742712294043 0.0036928327645051754 0.003224017743979779
3 0.4926194539249147 0.41907794676806087 0.0030290102389078496 0.003978136882129226
3 0.493320819112628 0.4161628643852978 0.0026587030716723426 0.002263941698352339
3 0.49572184300341293 0.41849493029150825 0.0033242320819111882 0.002538022813688282
3 0.5044385665529011 0.3880782636248416 0.004506825938566528 0.0031543092522179745
1 0.4847150170648464 0.3568044993662864 0.0025853242320818494 0.0023320659062104334
1 0.4786194539249147 0.36290874524714833 0.0013293515358361713 0.0019201520912547356
2 0.4128361774744027 0.3336929657794678 0.0033242320819111882 0.002194233206590679
2 0.38956655290102393 0.35241603295310514 0.015882252559726914 0.0064464512040557035
2 0.4047849829351536 0.3433618504435995 0.015882252559726914 0.005624207858048162
2 0.4585273037542662 0.4424635614702154 0.004284982935153528 0.003840304182509471
3 0.47570136518771333 0.46753168567807357 0.004358361774744021 0.003772179974651521
3 0.4830887372013652 0.4621815589353612 0.0022901023890785108 0.0024001901140683836
2 0.4940221843003413 0.46235266159695815 0.0022901023890785108 0.0024683143219264778
2 0.4973839590443686 0.46204531051964515 0.0019215017064846789 0.0021261089987325843
2 0.4853788395904437 0.43766318124207854 0.004506825938566528 0.003840304182509471